Dur	BW	PeakF	MaxF	MinF	StartF	EndF	Inflec	Sound	PRR	Range	Trend
0.3252	1727	4113	5633	3906	3905	5632	0	aws(s)	0	1.4423	0.6934
0.6499	2499	3079	5151	2652	3335	5150	1	aws(s)	0	1.9424	0.6476
0.4808	2858	5620	7055	4197	4196	7055	0	aws(s)	0	1.6810	0.5948
0.4667	2949	4996	7191	4242	4242	7191	0	aws(s)	0	1.6951	0.5899
1.1454	1093	4177	4958	3865	3865	4958	4	aws	0	1.2827	0.7795
0.3400	1985	947	2813	828	827	2812	0	aws(s)	0	3.3981	0.2941
0.6099	2234	3639	5344	3110	3109	5343	0	aws(s)	0	1.7183	0.5819
0.6646	1085	4113	4500	3415	3841	4500	1	aws(s)	0	1.3176	0.8536
0.1900	1631	1744	3324	1693	1852	3324	0	ahq	0	1.9631	0.5572
0.3959	63	86	136	74	136	73	0	sn	0	1.8462	1.8630
0.2300	193	345	432	239	344	344	0	pe	16	1.8095	1.0000
0.1273	188	969	1119	932	968	968	0	sq	0	1.2012	1.0000
0.7517	742	151	878	136	150	150	0	p(s)	16	6.4445	1.0000
0.9616	1034	1723	2722	1688	2721	2154	1	dws	0	1.6128	1.2632
1.3575	1233	2132	2133	900	1434	1077	0	bt	23	2.3705	1.3315
1.2444	185	22	193	8	21	21	0	gw	13	23.9991	1.0000
0.9192	864	1744	2557	1693	2556	1807	1	dws	0	1.5101	1.4145
0.8343	1543	2993	4235	2692	3359	2909	5	modws	0	1.5731	1.1547
0.2828	74	86	131	57	130	56	0	sn	0	2.3000	2.3214
0.5939	153	1421	1472	1318	1421	1421	0	pe	13	1.1164	1.0000
0.8095	711	388	863	151	387	387	0	p(s)	20	5.7000	1.0000
0.2800	1953	2261	3801	1848	2017	3800	1	aws(s)	0	2.0565	0.5308
0.3959	3148	4479	6375	3227	3227	6375	0	aws(s)	0	1.9754	0.5062
0.0990	222	1120	1176	955	1119	1119	0	sq	0	1.2321	1.0000
0.6899	386	969	1148	761	1147	761	0	hs(pul)	0	1.5075	1.5072
3.0544	1189	172	1254	64	112	225	0	p(l)	16	19.4999	0.4978
1.7818	338	409	611	273	442	273	2	mm	0	2.2353	1.6190
5.1332	460	86	540	80	79	539	0	am(l)	0	6.7857	0.1466
0.1980	688	4371	4550	3863	3862	4550	0	aws(s)	0	1.1780	0.8488
0.3111	85	301	341	256	301	301	0	pe	10	1.3333	1.0000
0.4384	1727	4716	6387	4659	4887	6386	1	aws(s)	0	1.3707	0.7653
0.0848	500	581	1011	511	581	581	0	sq	0	1.9778	1.0000
0.3252	80	108	148	68	147	68	0	sn	0	2.1667	2.1618
0.2970	1989	4694	6216	4227	4227	6216	0	aws(s)	0	1.4704	0.6800
0.8343	1069	2821	3841	2772	3214	3295	2	uws	0	1.3855	0.9754
2.2484	490	345	731	241	474	249	2	mm	0	3.0333	1.9036
0.1400	165	797	909	744	796	796	0	sq	0	1.2214	1.0000
0.5600	108	108	131	23	22	63	0	ba	0	5.7501	0.3492
0.7212	1205	3811	4943	3739	3738	4943	0	aws(s)	0	1.3222	0.7562
0.2263	1364	2584	2705	1341	2704	1340	0	dhq	0	2.0169	2.0179
0.7919	2346	581	2555	209	581	581	0	p	23	12.2307	1.0000
0.3535	85	108	125	40	125	39	0	sn	0	3.1428	3.2051
1.0299	603	129	651	48	48	650	0	lb	0	13.5001	0.0738
0.1300	244	474	688	443	473	473	0	sq	0	1.5513	1.0000
0.9757	205	65	250	45	64	64	0	gw	16	5.5000	1.0000
0.0700	267	474	574	307	473	473	0	sq	0	1.8704	1.0000
1.9797	563	646	1011	449	645	645	0	hs(pul)	0	2.2532	1.0000
0.0919	233	1615	1739	1506	1614	1614	0	hq	0	1.1547	1.0000
0.1980	869	2519	3057	2188	3056	2187	0	dhq	0	1.3974	1.3973
0.1131	676	646	1119	443	645	645	0	sq	0	2.5256	1.0000
4.6665	1358	581	1471	113	581	581	0	p(l)	20	13.0714	1.0000
6.2195	1205	517	1390	185	506	265	0	hs(pul)-sq(series)	23	7.5218	1.9094
0.3394	108	194	256	148	193	193	0	gr(s)	0	1.7308	1.0000
0.0707	369	689	801	432	689	689	0	sq	0	1.8553	1.0000
0.6788	1382	3725	4371	2989	2989	4283	2	aws(s)	0	1.4624	0.6979
3.4080	710	323	960	250	318	960	0	ti(a-l)	23	3.8409	0.3313
0.1131	148	172	273	125	125	272	0	agr(s)	0	2.1818	0.4596
0.2263	295	172	381	85	85	380	0	agr(s)	0	4.4666	0.2237
0.1414	784	409	1097	313	312	1096	0	sq	0	3.5091	0.2847
3.1251	1097	323	1136	40	324	322	0	p(l)	23	28.5713	1.0062
0.9899	1085	3036	3809	2724	3142	3335	3	modws	0	1.3982	0.9421
1.4848	1342	215	1454	113	215	215	0	p	20	12.9286	1.0000
0.2300	256	323	483	227	322	322	0	pe	13	2.1250	1.0000
0.1556	955	2476	2801	1847	2801	1846	0	dhq	0	1.5169	1.5173
4.4968	1046	560	1119	74	559	559	0	gw(l)	13	15.1539	1.0000
0.2700	1117	1938	2997	1880	2298	2997	1	aws(s)	0	1.5940	0.7668
0.5999	341	1012	1068	727	1068	761	0	hs(pul)	0	1.4687	1.4034
0.4384	2341	1572	2619	278	278	2619	0	aws(s)	0	9.4082	0.1061
0.0919	386	431	528	142	430	430	0	sq	0	3.7200	1.0000
0.9192	538	301	731	193	731	192	0	mm	0	3.7917	3.8073
0.1414	506	3208	3671	3165	3670	3164	0	dhq	0	1.1598	1.1599
0.4800	1375	1766	2023	648	647	2022	0	aws(s)	0	3.1228	0.3200
0.6222	554	3790	3849	3295	3294	3789	0	aws(s)	0	1.1683	0.8694
0.4242	102	86	153	51	102	51	0	sn	0	3.0000	2.0000
0.1980	193	258	297	104	104	297	0	agr(s)	0	2.8462	0.3502
0.2500	233	345	438	205	344	344	0	pe	10	2.1389	1.0000
1.2585	1366	754	1471	104	753	753	0	p	16	14.0770	1.0000
0.0848	165	560	602	438	559	559	0	sq	0	1.3766	1.0000
0.4101	3182	1421	3790	608	607	3789	0	aws(s)	0	6.2336	0.1602
0.0566	551	947	1171	619	947	947	0	hq	0	1.8899	1.0000
1.0889	199	129	284	85	129	129	0	gw	20	3.3333	1.0000
4.2988	1063	560	1136	74	559	559	0	gw(l)	23	15.3847	1.0000
0.6399	595	323	635	40	72	634	0	ba	0	15.7998	0.1136
0.0848	358	581	722	364	581	581	0	sq	0	1.9844	1.0000
6.6494	1213	409	1382	169	820	410	0	ti(d)	20	8.1905	2.0000
0.1414	318	495	676	358	495	495	0	sq	0	1.8889	1.0000
0.1273	398	1314	1659	1261	1386	1659	1	sq	0	1.3153	0.8354
0.2404	97	86	148	51	147	51	0	sn	0	2.8889	2.8824
0.4900	2250	1529	2875	625	625	2875	0	aws(s)	0	4.6000	0.2174
0.0990	608	560	1097	489	559	559	0	sq	0	2.2442	1.0000
3.3514	290	65	352	63	64	64	0	gw(l)	20	5.6364	1.0000
0.5515	3119	1400	3818	699	698	3818	0	aws(s)	0	5.4634	0.1828
0.2800	267	366	472	205	366	366	0	pe	16	2.3056	1.0000
2.3898	145	517	595	450	506	506	4	mm(pul)	0	1.3214	1.0000
1.8383	483	301	534	51	85	534	0	p	26	10.4444	0.1592
1.7598	2772	1357	3873	1101	1165	3873	0	aws(step)	0	3.5182	0.3008
0.0636	432	689	1068	636	1068	636	0	hq	0	1.6786	1.6792
0.1273	545	646	1074	528	645	645	0	sq	0	2.0323	1.0000
1.3575	1364	151	1455	91	142	1324	4	gr(s)-modhc	0	16.0000	0.1073
0.1414	727	1055	1671	943	1670	943	0	dsq	0	1.7711	1.7709
4.4685	1131	258	1199	68	258	258	0	p(l)	20	17.5834	1.0000
0.3394	477	754	807	330	699	329	1	nc(s)	0	2.4483	2.1246
4.6806	241	517	699	458	530	458	5	mm(l)	0	1.5263	1.1572
0.0990	352	991	1034	682	990	990	0	sq	0	1.5167	1.0000
2.2908	347	560	744	398	528	397	1	dm(pul)	0	1.8714	1.3300
0.7353	153	86	239	85	86	86	0	gw	13	2.8000	1.0000
2.4322	903	711	994	91	994	994	0	hs(pul)	0	10.9375	1.0000
0.3959	1006	129	1097	91	90	1096	0	gr(s)-ac(s)	0	12.0625	0.0821
0.1414	795	2498	2580	1784	2579	1784	0	dhq	0	1.4459	1.4456
0.0990	449	1077	1438	989	1437	988	0	hq	0	1.4540	1.4545
0.1273	551	538	1040	489	538	538	0	sq	0	2.1279	1.0000
2.5298	354	151	382	28	39	57	1	am(l)	0	13.5714	0.6842
1.4141	1250	151	1352	102	128	1352	3	gr(s)-modhc	0	13.2222	0.0947
0.1414	727	1400	1875	1148	1875	1147	0	dsq	0	1.6337	1.6347
2.8706	96	129	185	88	129	129	0	gr	0	2.0909	1.0000
0.1400	540	1034	1159	619	1159	619	0	sq	0	1.8716	1.8724
0.1200	347	603	744	398	602	602	0	sq	0	1.8714	1.0000
0.1697	835	2089	2352	1517	2352	1517	0	dhq	0	1.5506	1.5504
0.1697	557	5319	5750	5193	5193	5750	0	aws(s)	0	1.1072	0.9031
0.8202	1149	3704	3873	2724	3672	3702	4	uws	0	1.4218	0.9919
0.2400	88	172	217	129	172	172	0	gr(s)	0	1.6875	1.0000
0.4700	1972	1637	2659	688	687	2659	0	aws(s)	0	3.8678	0.2584
4.2281	104	151	201	96	96	177	0	am(l)	0	2.0833	0.5424
1.3858	1352	1270	1443	91	90	1443	2	gr(s)-modhc	0	15.8749	0.0624
0.5500	2159	1637	2852	693	784	2852	1	aws(s)	0	4.1148	0.2749
0.3535	1540	3618	4984	3445	4513	4984	1	uws(s)	0	1.4470	0.9055
0.2400	239	345	466	227	344	344	0	pe	13	2.0500	1.0000
0.1131	193	560	670	477	559	559	0	sq	0	1.4048	1.0000
0.9333	422	43	462	40	117	462	0	lb	0	11.4999	0.2532
0.0900	381	926	1068	688	925	925	0	hsq	0	1.5537	1.0000
0.7099	2568	1163	3057	489	3056	488	0	dws(s)	0	6.2558	6.2623
0.0848	375	431	540	165	430	430	0	sq	0	3.2759	1.0000
0.1400	585	1077	1568	983	1568	1131	1	hq	0	1.5954	1.3864
0.0707	341	603	744	403	602	602	0	sq	0	1.8451	1.0000
0.1485	924	926	1053	129	128	1052	0	sq	0	8.1875	0.1217
1.8100	5504	172	5553	48	48	5552	2	gr(s)-uws(s)	0	115.1674	0.0086
0.7099	2887	1163	3460	574	3460	573	0	dws(s)	0	6.0300	6.0384
0.1556	313	86	358	45	86	86	0	sq	0	7.8750	1.0000
0.6099	4818	3338	5796	977	977	5795	0	aws(s)	0	5.9302	0.1686
0.3300	148	1012	1051	903	903	909	1	hs(pul)	0	1.1635	0.9934
0.0919	449	1314	1375	926	1375	926	0	hq	0	1.4847	1.4849
1.7498	434	323	466	32	88	337	0	ti(a)	20	14.4999	0.2611
0.8899	744	603	1063	318	318	1062	0	ac(s)	0	3.3393	0.2994
0.1900	1222	1400	2034	813	812	2034	0	aws(s)	0	2.5035	0.3992
5.1756	477	151	540	63	150	150	0	gw(l)	20	8.6364	1.0000
3.6484	994	581	1222	227	313	1221	0	ti(a-l)	13	5.3750	0.2563
2.3333	705	1378	1568	864	863	1403	4	modws	0	1.8158	0.6151
0.1400	602	1335	1625	1023	1625	1022	0	hq	0	1.5889	1.5900
0.1556	153	65	216	63	215	62	0	gt	0	3.4546	3.4677
0.1273	909	1572	2034	1125	2034	1125	0	dsq	0	1.8081	1.8080
0.0800	159	603	665	506	602	602	0	sq	0	1.3146	1.0000
1.5272	3471	194	3544	72	72	3543	0	gr(s)-aws(s)	0	49.0003	0.0203
0.1131	415	797	875	460	796	796	0	hq	0	1.9012	1.0000
0.5091	1307	151	1392	85	85	125	1	gr(s)-nc(s)	0	16.3333	0.6800
1.0464	670	452	790	119	119	789	0	am	0	6.6191	0.1508
2.0898	307	323	358	51	51	267	3	mm	0	7.0000	0.1910
0.4808	1358	1378	1955	597	596	1954	0	ac(s)	0	3.2762	0.3050
0.1100	244	3165	3352	3108	3165	3165	0	hq	0	1.0786	1.0000
0.4667	1926	1507	2659	733	807	2659	1	aws(s)	0	3.6279	0.3035
0.0990	227	689	841	614	689	689	0	hq	0	1.3704	1.0000
2.4747	244	172	330	85	329	85	2	mgr(pul)	0	3.8666	3.8706
1.5979	5384	172	5456	72	72	5456	0	gr(s)-aws(s)	0	75.4449	0.0132
0.9474	580	452	636	57	56	636	0	am	0	11.2000	0.0881
2.1777	1543	237	1567	24	177	233	0	p	16	65.0004	0.7597
3.2241	881	581	1119	239	301	1119	0	ti(a-l)	16	4.6905	0.2690
0.1556	378	2799	3102	2724	2799	2799	0	sq	0	1.1386	1.0000
0.1200	165	732	847	682	732	732	0	hq	0	1.2417	1.0000
0.2263	284	151	369	85	85	369	0	agr(s)	0	4.3333	0.2304
0.1838	2722	3553	6217	3496	3495	6217	0	aws(s)	0	1.7786	0.5622
0.1131	580	581	949	369	581	581	0	sq	0	2.5692	1.0000
0.1697	540	108	602	63	107	107	0	sq	0	9.6364	1.0000
0.2800	210	280	443	233	279	279	0	pe	10	1.9024	1.0000
4.7231	256	65	284	28	284	256	0	gr(l)	0	9.9998	1.1094
0.1100	108	1938	1994	1886	1937	1937	0	hq	0	1.0572	1.0000
0.2400	129	172	273	145	201	273	0	gr(s)	0	1.8889	0.7363
0.2000	426	388	528	102	102	528	0	am(s)	0	5.1667	0.1932
1.3199	169	237	305	137	236	236	0	gw	16	2.2353	1.0000
3.3897	1443	215	1534	91	182	182	0	p(l)	23	16.8749	1.0000
0.9899	665	474	710	45	45	710	0	am	0	15.6250	0.0634
1.7199	688	452	972	284	284	971	2	am	0	3.4200	0.2925
2.4698	233	151	256	23	150	150	0	gw	20	11.2502	1.0000
0.4808	1296	1421	1904	608	699	1903	1	aws(s)	0	3.1308	0.3673
0.7699	693	495	835	142	142	835	0	ac(s)	0	5.8800	0.1701
1.6545	722	1421	1528	807	806	1528	0	as	0	1.8944	0.5275
0.1131	358	2433	2705	2347	2704	2346	0	dhq	0	1.1525	1.1526
1.7393	188	129	267	80	112	137	1	gr	0	3.3571	0.8175
0.7899	1051	603	1182	131	130	1181	0	ac(s)	0	9.0435	0.1101
2.8847	210	388	557	347	398	398	1	lm	0	1.6066	1.0000
0.9799	182	280	358	176	182	244	0	gw	13	2.0323	0.7459
0.6788	375	215	409	34	34	119	1	ngr(s)	0	11.9999	0.2857
0.4525	1085	215	1182	97	96	1181	0	gr(s)-ac(s)	0	12.2353	0.0813
0.4242	369	280	426	57	56	426	0	am(s)	0	7.5000	0.1315
4.1009	182	65	210	28	210	28	0	dgr(l)	0	7.3999	7.5000
0.2545	114	172	227	114	172	172	0	gr(s)	0	2.0000	1.0000
0.4949	1455	151	1517	63	62	1398	2	gr(s)-nc(s)	0	24.2728	0.0443
2.4398	1750	172	1796	45	45	369	1	gr(s)-dws	0	39.4999	0.1220
0.1300	176	538	653	477	538	538	0	sq	0	1.3690	1.0000
0.3677	1602	1400	2261	659	818	2261	1	aws(s)	0	3.4310	0.3618
2.2767	341	409	602	261	261	318	1	nm(pul)	0	2.3043	0.8208
0.0800	261	754	886	625	753	753	0	sq	0	1.4182	1.0000
0.2404	426	172	511	85	85	511	0	am(s)	0	6.0000	0.1663
0.1697	500	108	563	63	107	107	0	sq	0	9.0000	1.0000
0.1061	398	431	563	165	430	430	0	sq	0	3.4138	1.0000
4.3271	119	108	159	40	39	97	0	gw(l)	13	4.0000	0.4021
5.1332	182	86	210	28	210	28	0	gr(l)	0	7.3999	7.5000
0.3959	114	194	244	131	193	193	0	gr(s)	0	1.8696	1.0000
0.8299	85	194	216	131	130	159	0	gr	0	1.6522	0.8176
0.4101	1801	1012	2404	602	602	2403	0	aws(s)	0	3.9906	0.2505
0.2900	227	366	472	244	366	366	0	pe	13	1.9302	1.0000
0.1250	108	129	193	84	129	129	0	sq(low)	0	2.2857	1.0000
2.4747	131	129	170	40	39	170	0	agr	0	4.2857	0.2294
0.2100	358	301	608	250	438	607	1	w	0	2.4318	0.7216
0.1749	108	129	193	85	129	129	0	sq(low)	0	2.2667	1.0000
2.3498	313	129	347	34	129	129	0	gw	20	10.1666	1.0000
0.4667	1994	1443	2602	608	841	2602	1	aws(s)	0	4.2804	0.3232
0.1300	117	129	189	72	129	129	0	sq(low)	0	2.6111	1.0000
0.1100	176	689	790	614	689	689	0	sq	0	1.2870	1.0000
0.5091	1369	151	1455	85	85	128	2	gr(s)-nc(s)	0	17.0666	0.6641
2.4605	290	495	705	415	614	460	1	dm(pul)	0	1.6986	1.3348
1.8949	540	1400	1443	903	903	1046	1	nws	0	1.5975	0.8633
0.1556	568	86	608	40	86	86	0	sq	0	15.2856	1.0000
0.1061	313	947	1199	886	947	947	0	hq	0	1.3526	1.0000
0.1700	117	108	173	56	107	107	0	sq(low)	0	3.0714	1.0000
1.4989	506	323	540	34	34	539	0	p	13	15.8332	0.0631
1.0999	131	172	222	91	119	90	1	nm	0	2.4375	1.3222
0.4200	284	388	426	142	142	426	0	am(s)	0	3.0000	0.3333
0.3959	136	108	193	57	91	193	0	gr(s)	0	3.4000	0.4715
1.5414	136	129	170	34	34	170	0	agr	0	4.9999	0.2000
0.1000	284	431	585	301	430	430	0	sq	0	1.9434	1.0000
0.9333	2438	1658	2551	114	113	2551	1	gr(s)-dws(s)	0	22.4500	0.0443
0.2250	100	129	193	92	129	129	0	sq(low)	0	2.0869	1.0000
0.2545	1125	797	1189	64	64	1189	0	sq	0	18.4999	0.0538
4.8221	483	431	636	153	153	636	9	am(l)	0	4.1481	0.2406
0.1600	100	129	185	84	129	129	0	sq(low)	0	2.1905	1.0000
0.1000	227	732	852	625	732	732	0	sq	0	1.3636	1.0000
4.3413	347	345	563	216	284	341	2	lm(pul)	0	2.6053	0.8328
1.7598	498	474	530	32	80	426	0	ti(a)	23	16.4999	0.1878
0.9474	563	474	670	108	107	670	0	am	0	6.2105	0.1597
1.4000	511	301	528	17	17	528	0	p	16	31.0006	0.0322
0.8299	261	172	284	23	22	284	0	ba	0	12.5002	0.0775
2.2767	102	495	534	432	472	460	0	gr	0	1.2368	1.0261
2.2484	97	258	278	182	278	199	0	gr	0	1.5313	1.3970
1.5099	494	1227	1278	784	784	1006	1	hc	0	1.6304	0.7793
0.1556	489	86	528	40	86	86	0	sq	0	13.2856	1.0000
0.1050	141	129	213	72	129	129	0	sq(low)	0	2.9445	1.0000
0.7399	227	86	256	28	28	255	0	ba	0	8.9999	0.1098
1.7498	352	495	756	403	642	403	0	dm(pul)	0	1.8732	1.5931
0.1697	642	2670	3085	2443	3085	2443	0	dhq	0	1.2628	1.2628
0.2828	267	689	801	534	688	534	1	nc(s)	0	1.5000	1.2884
0.1838	108	129	199	91	129	129	0	sq(low)	0	2.1875	1.0000
0.3959	1511	1077	2261	750	830	2261	1	aws(s)	0	3.0152	0.3671
2.0098	482	409	554	72	153	554	0	ti(a)	23	7.6667	0.2762
3.5069	267	345	426	159	273	199	1	lm(pul)	0	2.6786	1.3719
0.3535	426	258	472	45	45	471	0	am(s)	0	10.3750	0.0955
1.1799	403	1120	1267	864	1267	863	0	dc	0	1.4671	1.4681
0.7495	1858	1852	1972	114	113	153	1	gr(s)-dws(s)	0	17.3500	0.7386
1.8198	1841	172	1943	102	148	449	1	gr(s)-dws	0	19.0000	0.3296
0.1900	438	474	841	403	574	840	1	sq	0	2.0845	0.6833
1.7252	545	258	608	63	114	607	0	lb	0	9.7273	0.1878
0.2828	91	172	227	136	172	172	0	gr(s)	0	1.6667	1.0000
1.1299	409	86	455	45	454	45	0	p	16	10.0000	10.0889
1.8171	91	129	170	80	129	129	0	gw	10	2.1428	1.0000
0.2828	108	194	250	142	250	142	0	gr(s)	0	1.7600	1.7606
0.3111	108	172	227	119	172	172	0	gr(s)	0	1.9048	1.0000
1.9090	182	129	210	28	28	57	1	ngr	0	7.3999	0.4912
0.3959	142	108	193	51	51	193	0	gr(s)	0	3.7778	0.2642
0.1700	108	129	193	84	129	129	0	sq(low)	0	2.2857	1.0000
1.6999	165	151	239	74	74	238	0	gw	16	3.2308	0.3109
0.1450	133	129	201	68	129	129	0	sq(low)	0	2.9412	1.0000
0.3200	472	689	830	358	357	466	1	nm(s)	0	2.3175	0.7661
0.3300	392	301	460	68	68	460	0	am(s)	0	6.7500	0.1478
1.0747	818	258	875	57	114	875	0	lb	0	15.4000	0.1303
0.3040	683	345	731	48	48	731	0	w	0	15.1668	0.0657
0.3323	450	323	514	64	64	514	0	w	0	8.0000	0.1245
1.0889	443	280	489	45	102	488	0	lb	0	10.7500	0.2090
1.4699	674	581	1011	338	337	619	1	ac	0	2.9968	0.5444
1.9656	301	388	551	250	250	369	2	nm(pul)	0	2.2045	0.6775
0.1131	489	797	1097	608	796	796	0	sq	0	1.8037	1.0000
0.3200	108	947	1034	926	1034	926	0	hs(pul)	0	1.1166	1.1166
1.3151	477	301	523	45	45	352	0	p	23	11.5000	0.1278
1.1299	119	151	210	91	136	148	0	gr	0	2.3125	0.9189
0.1697	926	646	1466	540	1465	539	0	sq	0	2.7158	2.7180
0.1400	375	323	642	267	351	642	1	w	0	2.4043	0.5467
0.1700	129	129	217	88	129	129	0	sq(low)	0	2.4545	1.0000
0.3394	665	258	744	80	79	744	0	ba	0	9.3571	0.1062
0.4808	386	280	466	80	79	465	0	am(s)	0	5.8571	0.1699
0.1500	113	129	201	88	129	129	0	sq(low)	0	2.2727	1.0000
2.5878	145	517	595	450	522	506	1	mm(pul)	0	1.3214	1.0316
2.4386	382	668	880	498	498	663	1	hc	0	1.7661	0.7511
1.3717	608	1270	1517	909	1517	966	0	dc	0	1.6688	1.5704
0.3818	176	108	216	40	39	215	0	gr(s)	0	5.4285	0.1814
0.1800	113	129	205	92	129	129	0	sq(low)	0	2.2174	1.0000
5.0059	257	215	378	121	120	193	1	gw(l)	20	3.1333	0.6218
1.7818	450	495	884	434	522	883	1	am	0	2.0370	0.5912
2.4040	96	323	378	281	313	337	0	gr	0	1.3429	0.9288
0.5200	301	280	455	153	153	341	1	am(s)	0	2.9630	0.4487
2.2298	394	345	506	113	112	344	0	ti	20	4.5000	0.3256
1.6699	398	1120	1165	767	767	921	1	hc	0	1.5185	0.8328
0.2970	165	108	205	40	39	204	0	gr(s)	0	5.1428	0.1912
0.6599	597	581	756	159	159	755	0	ac(s)	0	4.7500	0.2106
0.1300	137	151	225	88	150	150	0	sq(low)	0	2.5455	1.0000
1.9998	1563	172	1682	119	176	341	1	gr(s)-dws	0	14.0953	0.5161
2.2598	591	65	642	51	148	642	0	lb	0	12.5555	0.2305
1.3899	716	517	739	23	114	738	0	am(pul)	0	32.5006	0.1545
1.1699	290	237	392	102	392	102	0	dm	0	3.8333	3.8431
0.7799	108	237	295	188	295	236	0	m	0	1.5758	1.2500
2.4040	161	388	458	297	362	458	0	gr	0	1.5405	0.7904
0.2400	500	86	568	68	68	568	0	ba	0	8.3334	0.1197
0.2250	96	108	161	64	107	107	0	sq(low)	0	2.5000	1.0000
0.1200	133	151	217	84	150	150	0	sq(low)	0	2.5714	1.0000
0.0707	477	646	994	517	645	645	0	sq	0	1.9231	1.0000
2.1494	170	280	381	210	267	267	1	nm(pul)	0	1.8108	1.0000
0.4313	350	258	442	92	92	441	0	ba	0	4.7826	0.2086
2.4181	102	194	227	125	176	227	0	gr	0	1.8182	0.7753
2.3757	102	172	222	119	170	176	0	gr	0	1.8571	0.9659
1.9656	227	388	432	205	313	290	2	nm(pul)	0	2.1111	1.0793
0.8202	836	86	868	32	80	867	0	ba	0	26.9999	0.0923
0.2700	324	452	631	307	306	630	0	am(s)	0	2.0556	0.4857
0.4949	651	409	667	16	16	666	0	w	0	41.5011	0.0240
0.4101	466	65	494	28	74	494	0	ba	0	17.3997	0.1498
0.2500	540	129	591	51	51	590	0	ba	0	11.5555	0.0864
0.5444	892	280	932	40	40	932	0	w	0	23.1998	0.0429
2.5454	102	172	222	119	182	176	0	gr	0	1.8571	1.0341
2.2767	352	1141	1364	1011	1091	1278	6	ac	0	1.3483	0.8537
0.8767	2193	1938	2318	125	125	716	1	gr(s)-dws(s)	0	18.5455	0.1746
0.4384	273	237	318	45	45	159	1	ngr(s)	0	7.0000	0.2830
0.3747	241	280	426	185	184	425	0	w	0	2.3044	0.4329
0.1500	483	388	767	284	551	767	1	sq	0	2.7000	0.7184
0.2000	125	129	210	85	129	129	0	sq(low)	0	2.4667	1.0000
0.0700	307	818	881	574	818	818	0	sq	0	1.5347	1.0000
0.4101	313	237	335	23	22	335	0	agr(s)	0	14.7503	0.0657
2.0787	318	237	375	57	233	56	1	m	0	6.6000	4.1607
0.1550	129	129	197	68	129	129	0	sq(low)	0	2.8823	1.0000
1.5696	375	431	693	318	426	693	3	modhc	0	2.1786	0.6147
0.0919	386	366	585	199	366	366	0	sq	0	2.9429	1.0000
0.4300	432	151	489	57	91	488	0	ba	0	8.6000	0.1865
0.1550	125	129	209	84	129	129	0	sq(low)	0	2.4762	1.0000
0.8555	956	86	988	32	32	988	0	ba	0	30.7499	0.0324
0.1273	653	108	716	63	107	107	0	sq	0	11.4546	1.0000
0.3959	165	108	210	45	45	210	0	gr(s)	0	4.6250	0.2143
0.6499	301	280	420	119	119	256	1	nm(s)	0	3.5238	0.4648
1.4565	574	151	597	23	22	40	2	gr(s)-ba	0	26.2505	0.5500
1.5199	693	474	739	45	108	738	0	am(pul)	0	16.2500	0.1463
0.7424	131	129	182	51	51	148	0	gr(s)	0	3.5555	0.3446
0.1400	129	129	197	68	129	129	0	sq(low)	0	2.8823	1.0000
1.3499	455	86	494	40	188	40	0	c	20	12.4285	4.7000
0.5232	324	237	347	23	22	165	1	ngr(s)	0	15.2503	0.1333
0.4800	131	86	176	45	176	45	0	gt	0	3.8750	3.9111
0.1800	403	280	636	233	364	636	1	w	0	2.7317	0.5723
1.9656	108	258	301	193	239	193	0	gr	0	1.5588	1.2383
0.3394	136	108	188	51	51	187	0	gr(s)	0	3.6667	0.2727
0.5800	466	65	528	63	114	528	0	ba	0	8.4546	0.2159
2.2908	97	172	239	142	238	193	0	gr	0	1.6800	1.2332
0.0900	256	732	886	631	732	732	0	sq	0	1.4054	1.0000
2.3333	97	194	233	136	170	232	0	gr	0	1.7083	0.7328
0.4101	284	215	318	34	34	153	1	ngr(s)	0	9.3332	0.2222
0.2400	148	172	290	142	182	289	0	gr(s)	0	2.0400	0.6298
1.3434	97	172	222	125	172	172	0	gr	0	1.7727	1.0000
0.1200	137	129	217	80	129	129	0	sq(low)	0	2.7000	1.0000
0.1300	117	129	181	64	129	129	0	sq(low)	0	2.8125	1.0000
0.6222	779	280	844	64	64	843	0	w	0	13.1249	0.0759
2.7058	216	431	563	347	443	418	8	mm(l)	0	1.6229	1.0598
0.1250	136	129	216	80	129	129	0	sq(low)	0	2.7143	1.0000
1.3799	761	474	801	40	80	801	0	am(pul)	0	20.1427	0.0999
0.2600	466	215	511	45	45	511	0	ba	0	11.2500	0.0881
0.0800	364	775	909	545	775	775	0	sq	0	1.6667	1.0000
0.7919	222	969	1085	864	863	1085	0	hc(s)	0	1.2566	0.7954
2.5878	185	323	402	217	216	301	0	ti	23	1.8519	0.7176
0.7636	2517	754	2591	74	73	136	1	gr(s)-dws(s)	0	35.0771	0.5368
1.4899	739	474	767	28	85	767	0	am(pul)	0	26.9996	0.1108
0.6499	585	323	869	284	347	869	0	ac(s)	0	3.0600	0.3993
2.4534	114	237	273	159	227	193	0	gr	0	1.7143	1.1762
0.1650	129	129	217	88	129	129	0	sq(low)	0	2.4545	1.0000
0.2700	528	237	568	40	39	568	0	ba	0	14.2856	0.0687
1.4282	352	1400	1421	1068	1420	1068	0	dc	0	1.3298	1.3296
0.2500	591	129	648	57	56	647	0	ba	0	11.4000	0.0866
1.0599	261	172	307	45	45	306	0	ba	0	6.7500	0.1471
0.7099	227	194	295	68	68	193	0	agr(s)	0	4.3334	0.3523
0.1900	477	366	778	301	301	778	0	w	0	2.5849	0.3869
1.6499	705	474	750	45	97	750	0	am(pul)	0	16.4999	0.1293
0.1697	114	129	199	85	198	198	0	sq(low)	0	2.3333	1.0000
0.4384	318	129	347	28	28	136	1	ngr(s)	0	12.1998	0.2059
0.1697	773	108	818	45	107	107	0	sq	0	18.0000	1.0000
0.9262	538	172	563	24	24	562	0	ba	0	23.3335	0.0427
0.1400	133	129	221	88	129	129	0	sq(low)	0	2.5000	1.0000
0.1450	131	129	216	85	129	129	0	sq(low)	0	2.5333	1.0000
0.2500	642	215	705	63	62	704	0	ba	0	11.2728	0.0881
0.1100	307	345	614	307	306	613	0	w	0	2.0000	0.4992
1.3999	136	237	330	193	210	329	0	m	0	1.7059	0.6383
0.3959	341	65	369	28	28	369	0	ba	0	12.9998	0.0759
1.5599	455	86	489	34	290	74	0	c	23	14.3332	3.9189
0.1300	125	129	209	84	129	129	0	sq(low)	0	2.4762	1.0000
2.5998	97	237	290	193	289	227	0	gr	0	1.5000	1.2731
0.4949	222	215	261	40	39	205	0	agr(s)	0	6.5714	0.1902
0.2600	574	215	636	63	62	636	0	ba	0	10.1818	0.0975
0.1800	125	129	216	91	129	129	0	sq(low)	0	2.3750	1.0000
3.6797	313	323	494	182	352	181	0	lm(pul)	0	2.7188	1.9448
3.6597	136	151	188	51	51	187	0	gw(l)	16	3.6667	0.2727
0.7899	222	151	295	74	73	295	0	agr(s)	0	4.0000	0.2475
1.2585	108	151	216	108	107	215	0	gr	0	2.0000	0.4977
1.1399	193	323	358	165	307	164	0	dm	0	2.1724	1.8720
0.6499	267	301	341	74	73	244	1	m(s)	0	4.6154	0.2992
2.1070	267	345	460	193	261	460	1	mm(pul)	0	2.3824	0.5674
2.2343	114	258	324	210	210	323	0	gr	0	1.5405	0.6502
0.7499	563	258	790	227	227	789	0	v	0	3.4750	0.2877
0.1650	117	129	205	88	129	129	0	sq(low)	0	2.3182	1.0000
0.7919	153	129	193	40	39	97	1	agr	0	4.8571	0.4021
0.1400	137	151	225	88	150	150	0	sq(low)	0	2.5455	1.0000
2.5454	227	237	381	153	307	153	0	dm(l)	0	2.4815	2.0065
1.1454	129	151	209	80	80	104	1	nm	0	2.6000	0.7692
1.2599	114	215	290	176	289	188	0	m	0	1.6452	1.5372
2.4605	205	194	341	136	290	136	0	dm(l)	0	2.5000	2.1324
1.8454	114	108	182	68	91	181	0	gw	10	2.6667	0.5028
0.8979	498	151	530	32	32	530	0	ba	0	16.4999	0.0604
0.1414	574	86	614	40	86	86	0	sq	0	15.4285	1.0000
3.6397	170	323	438	267	437	267	0	lm(pul)	0	1.6383	1.6367
0.8199	227	323	483	256	482	255	0	m(s)	0	1.8889	1.8902
0.1414	869	388	938	68	387	387	0	sq	0	13.7501	1.0000
0.8899	403	323	625	222	244	625	2	v	0	2.8205	0.3904
0.8767	148	258	352	205	352	204	0	dm	0	1.7222	1.7255
1.3858	165	151	210	45	45	91	1	nm	0	4.6250	0.4945
2.4464	114	215	290	176	233	250	0	gr	0	1.6452	0.9320
2.4298	114	215	295	182	295	181	0	gr	0	1.6250	1.6298
1.2999	119	237	290	170	289	170	0	m	0	1.7000	1.7000
0.1697	665	86	710	45	86	86	0	sq	0	15.6250	1.0000
1.0040	318	1249	1301	983	1301	983	0	dc	0	1.3237	1.3235
0.2200	347	345	608	261	261	607	0	w	0	2.3261	0.4300
0.0900	301	668	790	489	667	667	0	sq	0	1.6163	1.0000
1.0199	170	301	364	193	363	193	0	dm	0	1.8824	1.8808
3.1497	119	215	273	153	153	272	0	gr	0	1.7778	0.5625
0.2300	74	108	148	74	107	107	0	sq(low)	0	2.0000	1.0000
0.2000	182	280	443	261	443	443	1	sq(low)	0	1.6957	1.0000
0.1273	80	129	170	91	129	129	0	sq(low)	0	1.8750	1.0000
1.4848	153	43	193	40	43	43	0	gw(low)	0	4.7999	1.0000
0.1300	57	108	136	80	107	107	0	sq(low)	0	1.7143	1.0000
0.3677	48	151	177	129	150	150	0	gr(s)	0	1.3750	1.0000
0.3252	1727	4113	5633	3906	3905	5632	0	aws(s)	0	1.4423	0.6934
0.1600	80	108	148	68	107	107	0	sq(low)	0	2.1667	1.0000
0.4600	57	108	142	85	107	107	0	gr(s)	0	1.6667	1.0000
0.1485	91	129	188	97	129	129	0	sq(low)	0	1.9412	1.0000
1.9232	121	108	169	48	107	107	0	gw	0	3.5000	1.0000
0.1300	74	108	148	74	107	107	0	sq(low)	0	2.0000	1.0000
0.0848	205	151	324	119	323	119	0	sq(low)	0	2.7143	2.7143
0.4808	2858	5620	7055	4197	4196	7055	0	aws(s)	0	1.6810	0.5948
0.1700	176	323	420	244	322	322	0	sq(low)	0	1.7209	1.0000
0.4667	2949	4996	7191	4242	4242	7191	0	aws(s)	0	1.6951	0.5899
0.1400	205	366	415	210	366	366	0	sq(low)	0	1.9730	1.0000
0.4384	1567	4199	4693	3126	3125	4692	0	aws(s)	0	1.5013	0.6660
0.0900	74	108	136	63	107	107	0	sq(low)	0	2.1818	1.0000
0.8485	1655	2864	3463	1808	1808	3463	2	aws	0	1.9156	0.5221
0.1300	74	108	148	74	107	107	0	sq(low)	0	2.0000	1.0000
4.8928	64	65	113	48	64	64	0	gw(l)	0	2.3333	1.0000
0.1700	199	345	443	244	344	344	0	sq(low)	0	1.8139	1.0000
0.5515	1085	2627	3062	1977	3061	1976	0	dws	0	1.5488	1.5491
0.4600	80	172	201	121	172	172	0	gr	0	1.6667	1.0000
0.0900	68	108	153	85	153	85	0	sq(low)	0	1.8000	1.8000
0.6399	466	3661	4058	3592	3873	4058	1	uws(s)	0	1.1298	0.9544
0.0800	91	86	131	40	40	130	0	sq(low)	0	3.2857	0.3077
0.7636	420	1314	1625	1205	1483	1625	1	uws(s)	0	1.3491	0.9126
0.5000	131	108	216	85	215	85	0	gr(s)	0	2.5333	2.5294
0.1000	114	301	352	239	301	301	0	sq(low)	0	1.4762	1.0000
0.3959	63	86	136	74	136	73	0	sn	0	1.8462	1.8630
2.5878	233	366	528	295	295	420	1	gr	0	1.7885	0.7024
0.7353	2466	3510	5500	3034	3034	5500	0	aws(s)	0	1.8127	0.5516
0.2000	74	108	148	74	107	107	0	sq(low)	0	2.0000	1.0000
0.5798	2459	3079	4717	2258	2258	4716	0	aws(s)	0	2.0890	0.4788
0.0778	85	495	534	449	495	495	0	sq(low)	0	1.1899	1.0000
1.6545	289	1292	1454	1165	1454	1270	1	uws	0	1.2483	1.1449
1.5838	185	151	209	24	150	150	0	gw(low)	0	8.6667	1.0000
6.3519	2081	1249	2194	113	1248	1248	0	gw(l)	0	19.5000	1.0000
0.2900	74	151	199	125	150	150	0	gr(s)	0	1.5909	1.0000
0.1626	74	151	182	108	150	150	0	sq(low)	0	1.6842	1.0000
1.5272	64	129	153	88	129	129	0	gr	0	1.7273	1.0000
4.7513	239	172	313	74	205	142	0	p(ch-l)	23	4.2308	1.4437
1.2444	185	22	193	8	21	21	0	gw	13	23.9991	1.0000
0.5939	1414	3596	4339	2925	2925	4387	2	aws	0	1.4835	0.6667
0.1000	358	452	619	261	261	619	0	w	0	2.3696	0.4216
0.1556	85	151	193	108	193	153	0	sq(low)	0	1.7895	1.2614
0.6222	767	1335	1455	688	1335	1335	0	hs(pul)	0	2.1157	1.0000
0.1131	403	345	659	256	255	659	0	sq	0	2.5778	0.3869
0.8626	2443	3424	4098	1655	1760	4098	0	aws(pe)	0	2.4757	0.4295
0.1556	80	129	170	91	129	129	0	sq(low)	0	1.8750	1.0000
0.1343	91	129	188	97	187	136	0	sq(low)	0	1.9412	1.3750
0.0848	392	926	1250	858	925	925	0	hq	0	1.4570	1.0000
1.1030	926	388	1028	102	193	102	0	gw(s)	0	10.0556	1.8922
0.2050	85	129	188	102	187	142	0	sq(low)	0	1.8333	1.3169
0.0990	386	1206	1392	1006	1205	1205	0	hq	0	1.3842	1.0000
0.9616	788	366	876	88	366	366	0	p	10	9.9091	1.0000
0.2000	74	108	148	74	107	107	0	sq(low)	0	2.0000	1.0000
1.1454	88	65	137	48	48	136	0	agr(s)	0	2.8333	0.3529
0.1838	176	345	426	250	344	344	0	sq(low)	0	1.7045	1.0000
0.1131	239	301	415	176	301	301	0	sq	0	2.3548	1.0000
1.4424	1712	2239	3367	1655	2620	2322	2	modws(pe)	0	2.0340	1.1283
0.6939	1358	43	1388	31	43	43	0	p(s)	16	44.9994	1.0000
0.1300	80	108	148	68	107	107	0	sq(low)	0	2.1667	1.0000
1.3434	64	129	161	96	129	129	0	gr	0	1.6667	1.0000
0.2828	85	172	216	131	172	172	0	gr(s)	0	1.6522	1.0000
1.2161	3137	345	3273	136	170	3272	2	gr(s)-uws(s)	0	23.9999	0.0520
0.6542	2555	1206	3244	689	689	3243	0	aws(s)	0	4.7077	0.2125
0.8343	1543	2993	4235	2692	3359	2909	5	modws	0	1.5731	1.1547
0.0990	347	409	597	250	409	409	0	sq	0	2.3864	1.0000
0.2828	74	86	131	57	130	56	0	sn	0	2.3000	2.3214
1.8598	394	409	611	217	442	216	2	mm	0	2.8148	2.0463
0.3550	78	65	128	50	127	49	0	sn	0	2.5714	2.5918
0.1485	80	108	165	85	164	125	0	sq(low)	0	1.9333	1.3120
1.3292	165	65	210	45	64	64	0	gw	0	4.6250	1.0000
0.1500	74	108	142	68	107	107	0	sq(low)	0	2.0833	1.0000
0.3111	1406	3661	4765	3359	3358	4765	2	modws(s)	0	1.4187	0.7047
0.1838	1023	926	1921	898	1920	897	0	hq	0	2.1392	2.1405
2.0646	490	1206	1286	796	795	1285	2	modhc	0	1.6162	0.6187
1.7111	80	194	233	153	193	193	0	m	0	1.5185	1.0000
0.2000	74	108	148	74	107	107	0	sq(low)	0	2.0000	1.0000
1.5018	1243	1701	2910	1667	2910	1958	1	uws	0	1.7454	1.4862
0.3400	63	151	205	142	204	142	0	gr(s)	0	1.4400	1.4366
0.8299	1639	3596	4998	3359	3729	4998	1	uws(s)	0	1.4880	0.7461
0.1100	1495	1507	2869	1374	1374	2868	0	aws(s)	0	2.0877	0.4791
0.1909	102	280	352	250	279	279	0	sq(low)	0	1.4091	1.0000
1.2585	2739	345	2887	148	170	2886	2	gr(s)-uws(s)	0	19.5384	0.0589
0.1838	1398	1335	1921	522	1920	522	0	hq	0	3.6769	3.6782
0.7070	892	3101	3946	3054	3745	3777	2	uws(s)	0	1.2921	0.9915
0.0848	1213	3122	4058	2845	4058	2844	0	dsq	0	1.4266	1.4269
1.8383	2193	151	2261	68	68	563	1	gr(s)-dws(s)	0	33.1668	0.1208
0.9699	795	797	983	188	187	983	0	ac	0	5.2424	0.1902
0.1626	91	129	193	102	193	148	0	sq(low)	0	1.8889	1.3041
3.1897	1197	43	1221	24	43	43	0	p(l)	20	50.6670	1.0000
1.4609	782	1916	2646	1864	2646	2105	1	uws	0	1.4193	1.2570
1.3434	193	43	227	34	43	43	0	gw	0	6.6666	1.0000
0.1100	68	86	131	63	86	86	0	sq(low)	0	2.0909	1.0000
0.5315	2777	1141	3498	721	720	3498	0	aw(s)	0	4.8529	0.2058
1.6545	1109	1809	1872	763	1117	763	1	nws	0	2.4526	1.4640
1.3107	892	1852	2666	1774	2456	2666	1	uws	0	1.5028	0.9212
0.1980	688	4371	4550	3863	3862	4550	0	aws(s)	0	1.1780	0.8488
0.5939	2705	4048	5512	2807	2916	5511	0	aws(s)	0	1.9636	0.5291
0.1200	74	108	148	74	107	107	0	sq(low)	0	2.0000	1.0000
0.1700	68	108	136	68	107	107	0	sq(low)	0	2.0000	1.0000
0.5798	474	2670	3078	2604	2708	3077	1	aws	0	1.1821	0.8801
1.0181	858	711	1438	580	710	710	0	hs(pul)	0	2.4804	1.0000
1.2585	830	1184	1426	597	1184	1184	0	hs(pul)	0	2.3905	1.0000
7.2224	1233	258	1323	90	190	241	0	be-sq(series)	20	14.6666	0.7884
0.7496	2406	947	3107	700	806	3106	0	aws(s)	0	4.4364	0.2595
0.3394	836	3833	4058	3222	3222	4058	0	aws(s)	0	1.2594	0.7940
1.4282	2903	129	3005	102	129	3005	0	gr(s)-aws(s)	0	29.3842	0.0429
1.1596	2182	194	2341	159	159	2341	2	gr(s)-uws(s)	0	14.7143	0.0679
0.1900	193	366	455	261	366	366	0	sq(low)	0	1.7391	1.0000
0.3252	80	108	148	68	147	68	0	sn	0	2.1667	2.1618
1.0747	1567	2476	3496	1929	1928	1977	1	modws(pe)	0	1.8125	0.9752
1.5414	3012	151	3102	91	114	3102	0	gr(s)-aws(s)	0	34.1249	0.0368
0.5656	2437	1012	3260	823	822	3259	0	aws(s)	0	3.9626	0.2522
1.7252	2034	151	2114	80	119	432	3	gr(s)-dws(s)	0	26.5713	0.2755
0.8399	597	517	932	335	335	931	0	ac	0	2.7797	0.3598
5.0907	362	517	707	346	345	707	0	am(l)	0	2.0465	0.4880
2.4181	68	237	267	199	267	236	0	gr	0	1.3429	1.1314
0.1768	80	129	182	102	125	181	0	sq(low)	0	1.7778	0.6906
0.1556	91	151	188	97	96	187	0	sq(low)	0	1.9412	0.5134
0.1697	91	129	193	102	193	136	0	sq(low)	0	1.8889	1.4191
0.8343	1069	2821	3841	2772	3214	3295	2	uws	0	1.3855	0.9754
0.0700	57	108	136	80	107	107	0	sq(low)	0	1.7143	1.0000
2.7292	568	215	727	159	160	659	0	am(l)	0	4.5714	0.2428
0.3413	98	108	140	43	140	42	0	sn	0	3.2998	3.3333
0.4600	68	129	176	108	176	107	0	gr(s)	0	1.6316	1.6449
0.0707	670	431	955	284	430	430	0	sq	0	3.3600	1.0000
2.2598	482	345	723	241	490	272	2	mm	0	3.0000	1.8015
0.3600	80	129	193	114	193	113	0	gr(s)	0	1.7000	1.7080
0.1200	80	108	153	74	107	107	0	sq(low)	0	2.0769	1.0000
1.1699	74	258	295	222	258	258	0	m	0	1.3333	1.0000
1.5414	3688	108	3769	80	121	3768	0	gr(s)-aws(s)	0	46.9001	0.0321
0.1100	216	409	460	244	244	460	0	sq	0	1.8837	0.5304
0.8328	1002	194	1092	90	90	210	0	p	16	12.1110	0.4286
0.1838	68	129	176	108	129	129	0	sq(low)	0	1.6316	1.0000
0.7199	72	151	185	113	129	112	1	ngr(s)	0	1.6429	1.1518
0.5600	108	108	131	23	22	63	0	ba	0	5.7501	0.3492
0.2121	222	409	591	369	369	443	0	sn	0	1.6000	0.8330
0.7699	631	474	938	307	306	937	0	ac	0	3.0556	0.3266
0.2263	1364	2584	2705	1341	2704	1340	0	dhq	0	2.0169	2.0179
0.7919	2346	581	2555	209	581	581	0	p	23	12.2307	1.0000
0.5939	91	194	233	142	232	176	0	gr(s)	0	1.6400	1.3182
0.3535	85	108	125	40	125	39	0	sn	0	3.1428	3.2051
2.5878	85	237	290	205	245	205	0	gr	0	1.4167	1.1951
0.1131	295	1206	1421	1125	1205	1205	0	hq	0	1.2626	1.0000
0.4400	85	129	153	68	68	153	0	agr	0	2.2500	0.4444
0.1626	102	151	227	125	227	125	0	sq(low)	0	1.8182	1.8160
0.5374	217	194	364	147	169	185	1	pe	20	2.4815	0.9135
0.1900	619	1658	1693	1074	1693	1073	0	dhq	0	1.5767	1.5778
1.2020	1500	129	1580	80	125	528	1	gr(s)-dws(s)	0	19.8570	0.2367
0.5899	80	129	170	91	90	165	0	agr	0	1.8750	0.5455
1.0464	347	237	523	176	236	236	0	gw	13	2.9677	1.0000
1.9373	335	1184	1409	1074	1409	1233	1	uc	0	1.3122	1.1427
0.3200	102	215	261	159	159	176	1	dm	0	1.6429	0.9034
0.0990	341	345	591	250	250	590	0	sq	0	2.3636	0.4237
4.8079	88	108	137	48	72	88	0	gw(l)	0	2.8333	0.8182
0.1156	1187	689	1519	332	689	689	0	sq	0	4.5758	1.0000
0.0990	199	301	369	170	301	301	0	sq	0	2.1667	1.0000
0.6222	80	151	193	113	192	145	0	gr(s)	0	1.7143	1.3241
0.8485	233	215	284	51	119	216	0	sn-gr(s)	0	5.5555	0.5509
0.9757	205	65	250	45	64	64	0	gw	16	5.5000	1.0000
0.0700	267	474	574	307	473	473	0	sq	0	1.8704	1.0000
0.2616	85	151	199	114	198	148	0	sq(low)	0	1.7500	1.3378
0.0990	602	538	955	352	538	538	0	sq	0	2.7097	1.0000
1.2020	96	43	129	32	32	128	0	gw	0	4.0000	0.2500
0.5374	261	258	440	179	258	258	0	pe	16	2.4545	1.0000
0.6788	1712	1357	2620	908	1006	2620	0	aws(s)	0	2.8862	0.3840
0.3182	85	129	193	108	193	153	0	sq(low)	0	1.7895	1.2614
0.0919	233	1615	1739	1506	1614	1614	0	hq	0	1.1547	1.0000
1.9373	1302	1723	2025	723	723	1189	1	ns	0	2.8000	0.6081
0.1980	869	2519	3057	2188	3056	2187	0	dhq	0	1.3974	1.3973
0.7636	528	1098	1358	830	829	1358	0	aws(s)	0	1.6370	0.6105
4.6665	1358	581	1471	113	581	581	0	p(l)	20	13.0714	1.0000
0.6542	1474	991	2216	742	806	2215	0	aw(s)	0	2.9857	0.3639
0.2121	91	108	170	80	107	107	0	sq(low)	0	2.1428	1.0000
0.0990	611	2907	3198	2588	3198	2587	0	dsq	0	1.2360	1.2362
0.8343	778	947	1040	261	943	659	0	hs(pul)	0	3.9783	1.4310
1.4282	824	1464	1932	1108	1108	1931	0	aws	0	1.7436	0.5738
0.3394	108	194	256	148	193	193	0	gr(s)	0	1.7308	1.0000
0.7599	1205	1701	2279	1074	1727	2278	1	uws(s)	0	2.1217	0.7581
0.3400	91	194	244	153	193	193	0	dm	0	1.5926	1.0000
1.1737	795	431	1119	324	323	1119	0	ac	0	3.4561	0.2887
0.7799	68	258	284	216	284	215	0	m	0	1.3158	1.3209
0.0707	369	689	801	432	689	689	0	sq	0	1.8553	1.0000
1.0889	438	65	483	45	57	482	0	lb	10	10.6250	0.1183
0.1626	91	129	182	91	181	136	0	sq(low)	0	2.0000	1.3309
0.3535	1712	2972	4669	2957	3198	4668	1	aws(s)	0	1.5788	0.6851
1.0889	96	172	233	137	233	136	0	gr	0	1.7059	1.7132
3.1251	1097	323	1136	40	324	322	0	p(l)	23	28.5713	1.0062
0.1414	784	409	1097	313	312	1096	0	sq	0	3.5091	0.2847
1.4609	1052	2433	2860	1808	2859	2118	1	uws	0	1.5822	1.3499
0.3468	105	43	140	35	140	35	0	sn	0	3.9598	4.0000
0.9899	1085	3036	3809	2724	3142	3335	3	modws	0	1.3982	0.9421
0.1838	900	2239	2845	1945	2844	1944	0	dhq	0	1.4628	1.4630
1.4848	1342	215	1454	113	215	215	0	p	20	12.9286	1.0000
0.1768	91	151	188	97	150	150	0	sq(low)	0	1.9412	1.0000
0.9399	587	301	763	177	763	176	0	mm	0	4.3182	4.3352
0.1556	955	2476	2801	1847	2801	1846	0	dhq	0	1.5169	1.5173
0.1556	534	624	1046	511	624	624	0	sq	0	2.0444	1.0000
0.0700	341	388	659	318	387	387	0	sq	0	2.0714	1.0000
0.2000	68	108	142	74	107	107	0	sq(low)	0	1.9231	1.0000
0.1414	80	129	165	85	129	129	0	sq(low)	0	1.9333	1.0000
1.4989	1989	366	2119	131	188	2119	0	gr(s)-aws(s)	0	16.2174	0.0887
1.0181	603	1227	1463	860	859	1462	2	uc	0	1.7009	0.5876
4.4968	1046	560	1119	74	559	559	0	gw(l)	13	15.1539	1.0000
0.4949	771	4285	4484	3713	4050	4483	3	modws(s)	0	1.2078	0.9034
0.1838	964	2218	2917	1953	2916	1952	0	dhq	0	1.4938	1.4939
1.1596	830	431	1136	307	306	1136	0	ac	0	3.7037	0.2694
0.6929	3941	1292	4621	680	830	4620	1	aws(s)	0	6.7995	0.1797
0.8288	3320	1701	4054	734	734	4053	0	aws(s)	0	5.5206	0.1811
0.1909	74	151	199	125	198	125	0	sq(low)	0	1.5909	1.5840
1.8949	1229	1593	2025	796	795	940	3	modhs	0	2.5455	0.8457
4.9560	281	129	361	80	80	80	0	gw(l)	0	4.5000	1.0000
0.0919	386	431	528	142	430	430	0	sq	0	3.7200	1.0000
0.6963	3682	3833	4361	679	944	3380	2	sq-dws	0	6.4242	0.2793
0.2121	85	129	153	68	68	153	0	sq(low)	0	2.2500	0.4444
3.2524	477	388	807	330	506	381	3	mm(l)	0	2.4483	1.3281
0.4770	1537	1120	2290	753	752	2289	0	aws(s)	0	3.0423	0.3285
0.4808	3767	1314	4613	846	845	4612	0	aws(s)	0	5.4545	0.1832
1.3434	3222	366	3358	136	136	3358	0	gr(s)-aws(s)	0	24.6249	0.0405
0.1768	97	129	193	97	193	131	0	sq(low)	0	2.0000	1.4733
0.1838	80	129	165	85	129	129	0	sq(low)	0	1.9333	1.0000
1.2585	250	215	335	85	250	193	0	p(ch)	16	3.9333	1.2953
0.1600	523	1141	1619	1097	1619	1096	0	dhq	0	1.4767	1.4772
2.2201	68	258	295	227	258	258	0	gr	0	1.3000	1.0000
0.2475	91	151	210	119	210	142	0	sq(low)	0	1.7619	1.4789
0.3271	1399	1249	2152	753	752	2151	0	aws(s)	0	2.8592	0.3496
0.5600	426	538	574	148	147	403	1	nm(s)	0	3.8846	0.3648
2.3033	784	624	1049	265	265	1049	0	ti(a-l)	16	3.9600	0.2526
0.1414	506	3208	3671	3165	3670	3164	0	dhq	0	1.1598	1.1599
0.1838	114	151	227	114	227	113	0	sq(low)	0	2.0000	2.0088
0.8060	216	215	244	28	114	244	0	sn-gr(s)	0	8.5999	0.4672
0.4242	102	86	153	51	102	51	0	sn	0	3.0000	2.0000
0.1838	739	2778	3238	2499	3238	2499	0	dsq	0	1.2958	1.2957
1.2585	1366	754	1471	104	753	753	0	p	16	14.0770	1.0000
0.0848	205	883	1017	813	882	882	0	hq	0	1.2517	1.0000
0.5232	659	1357	1390	731	1270	731	1	ds(s)	0	1.9011	1.7373
4.9210	182	65	210	28	210	45	0	gr(l)	16	7.3999	4.6667
1.2020	205	172	290	85	114	184	0	gw	13	3.4000	0.6196
0.1697	635	2519	2636	2001	2635	2000	0	dhq	0	1.3173	1.3175
0.2400	432	452	517	85	85	517	0	ba	0	6.0666	0.1644
0.4497	1675	1141	2343	668	667	2342	0	aws(s)	0	3.5079	0.2848
0.1556	91	129	170	80	170	114	0	sq(low)	0	2.1428	1.4912
0.5997	1527	1206	2184	657	657	2183	0	ac	0	3.3226	0.3010
0.1300	528	1314	1693	1165	1693	1164	0	dhq	0	1.4537	1.4545
0.0566	551	947	1171	619	947	947	0	hq	0	1.8899	1.0000
0.1131	205	323	381	176	322	322	0	sq	0	2.1613	1.0000
1.8666	818	345	1000	182	1000	551	2	hs(pul)	0	5.5000	1.8149
2.0198	438	43	466	28	364	216	0	p	10	16.3997	1.6852
9.5599	4134	603	4217	82	602	602	0	hs(pul)-sq(series)	23	51.2501	1.0000
0.6758	132	129	183	52	69	183	0	gw	0	3.5556	0.3770
0.1980	91	129	182	91	181	181	0	sq(low)	0	2.0000	1.0000
0.8060	3523	3854	6182	2659	2989	2659	1	nws(s)	0	2.3248	1.1241
0.1900	80	108	142	63	107	107	0	sq(low)	0	2.2727	1.0000
0.0990	864	2907	3432	2568	3431	2568	0	dsq	0	1.3363	1.3361
0.3800	80	194	227	148	147	188	0	dm	0	1.5385	0.7819
0.9474	80	129	177	96	176	96	0	gr	0	1.8333	1.8333
0.1980	91	194	227	136	193	193	0	gr(s)	0	1.6667	1.0000
0.5860	1739	926	2417	678	750	2417	0	aw(s)	0	3.5625	0.3103
4.2988	1063	560	1136	74	559	559	0	gw(l)	23	15.3847	1.0000
0.2970	136	172	205	68	68	204	0	gr(s)	0	3.0000	0.3333
0.5100	182	388	403	222	221	364	0	am(s)	0	1.8205	0.6071
0.1500	148	861	966	818	818	965	0	dhq	0	1.1806	0.8477
0.0819	421	689	1032	611	689	689	0	sq	0	1.6885	1.0000
0.1273	364	818	892	528	818	818	0	sq	0	1.6882	1.0000
0.6699	1197	1163	1688	490	1687	490	0	dws(s)	0	3.4426	3.4429
0.0848	358	581	722	364	581	581	0	sq	0	1.9844	1.0000
0.1556	114	151	233	119	232	119	0	sq(low)	0	1.9524	1.9496
0.1200	1296	1507	2676	1381	1380	2676	0	aws(s)	0	1.9383	0.5157
0.2600	506	215	585	80	79	585	0	ba	0	7.3571	0.1350
0.4808	523	409	892	369	369	892	0	ac	0	2.4154	0.4137
0.5374	3168	1335	4006	838	838	4005	0	aws(s)	0	4.7798	0.2092
0.4242	648	689	733	85	85	732	0	am(pul-s)	0	8.6000	0.1161
0.2404	97	86	148	51	147	51	0	sn	0	2.8889	2.8824
1.9090	705	1335	1381	676	1051	676	1	ns	0	2.0420	1.5547
0.1600	392	237	568	176	176	568	0	w	0	3.2258	0.3099
0.2404	108	129	193	85	193	102	0	sq(low)	0	2.2667	1.8922
0.0990	261	668	881	619	667	667	0	hq	0	1.4220	1.0000
3.3922	350	151	442	93	206	442	2	mgr(pul)	0	4.7778	0.4661
0.1414	91	129	182	91	129	129	0	sq(low)	0	2.0000	1.0000
0.6222	2176	1292	2945	769	976	2944	1	aws(s)	0	3.8300	0.3315
0.6222	1796	1184	2404	608	607	2403	0	aws(s)	0	3.9533	0.2526
0.0990	301	366	511	210	366	366	0	sq	0	2.4324	1.0000
4.1369	852	560	1103	251	250	972	0	ti(a-l)	13	4.4000	0.2572
2.3898	145	517	595	450	506	506	4	mm(pul)	0	1.3214	1.0000
1.8383	483	301	534	51	85	534	0	p	26	10.4444	0.1592
6.2927	836	366	884	48	346	386	0	p(l)	20	18.3335	0.8964
0.0636	432	689	1068	636	1068	636	0	hq	0	1.6786	1.6792
0.1273	545	646	1074	528	645	645	0	sq	0	2.0323	1.0000
1.8698	2788	1357	3873	1085	1430	3873	1	aws(step)	0	3.5704	0.3692
1.1454	102	108	142	40	39	80	0	gr	0	3.5714	0.4875
4.0019	176	151	273	97	148	142	3	gw(l)	0	2.8235	1.0423
0.1626	85	129	170	85	129	129	0	sq(low)	0	2.0000	1.0000
0.1363	339	431	583	244	243	583	0	am(s)	0	2.3913	0.4168
1.3575	1358	151	1460	102	142	1341	3	gr(s)-modhc	0	14.2778	0.1059
0.2899	142	172	256	114	255	199	1	sq(low)	0	2.2500	1.2814
0.1980	2113	2498	3648	1535	3648	1534	0	dsq	0	2.3770	2.3781
0.9192	642	452	1011	369	369	1011	0	ac	0	2.7385	0.3650
4.4685	1131	258	1199	68	258	258	0	p(l)	20	17.5834	1.0000
0.8909	2427	4823	4982	2555	2555	3391	3	nws(s)	0	1.9497	0.7535
0.1273	1053	1916	2732	1679	2732	1679	0	dhq	0	1.6268	1.6272
1.2099	318	65	358	40	125	40	0	p	10	8.9999	3.1250
0.4101	386	517	574	188	216	573	0	ti(a)	6	3.0606	0.3770
1.4989	290	65	324	34	284	35	0	p	23	9.4999	8.1143
1.1313	114	129	199	85	198	85	0	gr	0	2.3333	2.3294
0.1900	68	108	142	74	107	107	0	sq(low)	0	1.9231	1.0000
0.3394	477	754	807	330	699	329	1	nc(s)	0	2.4483	2.1246
0.2100	477	215	568	91	90	568	0	ba	0	6.2500	0.1585
0.1273	250	603	794	544	602	602	0	sq	0	1.4600	1.0000
0.1768	102	151	222	119	221	119	0	sq(low)	0	1.8571	1.8571
0.1200	568	388	705	136	387	387	0	sq	0	5.1666	1.0000
0.2828	114	129	216	102	215	142	0	sq(low)	0	2.1111	1.5141
9.2623	2550	495	2571	22	337	250	0	be-sq(series)	24	118.2486	1.3480
1.0233	1185	1873	2808	1623	2808	1863	1	uws	0	1.7304	1.5072
0.1200	398	452	580	182	181	579	0	w	0	3.1875	0.3126
4.6806	241	517	699	458	530	458	5	mm(l)	0	1.5263	1.1572
0.0964	624	517	1086	463	968	968	0	sq	0	2.3478	1.0000
0.1131	307	560	830	523	522	829	0	sq	0	1.5870	0.6297
0.3400	188	194	301	114	301	113	0	sq(low)	0	2.6500	2.6637
1.4282	97	237	278	182	278	181	0	m	0	1.5313	1.5359
0.1414	795	2498	2580	1784	2579	1784	0	dhq	0	1.4459	1.4456
6.5755	1653	603	1699	45	102	50	10	bd	0	37.3749	2.0400
0.0990	449	1077	1438	989	1437	988	0	hq	0	1.4540	1.4545
0.3818	1023	129	1108	85	122	1108	0	gr(s)-ac(s)	0	12.9999	0.1101
2.5298	354	151	382	28	39	57	1	am(l)	0	13.5714	0.6842
0.1838	489	1916	2205	1716	2204	1715	0	dhq	0	1.2848	1.2851
0.1768	91	151	193	102	150	150	0	sq(low)	0	1.8889	1.0000
0.2263	85	129	165	80	129	129	0	sq(low)	0	2.0714	1.0000
1.4424	1037	1723	1776	739	1053	739	1	nws	0	2.4022	1.4249
0.1131	261	603	767	506	602	602	0	sq	0	1.5161	1.0000
0.4096	73	43	102	29	101	30	0	sn	0	3.5000	3.3667
2.8706	96	129	185	88	129	129	0	gr	0	2.0909	1.0000
1.2161	2557	3295	4432	1875	3705	1875	2	nws(s)	0	2.3636	1.9760
0.1400	540	1034	1159	619	1159	619	0	sq	0	1.8716	1.8724
0.8626	3239	3898	6784	3546	3807	3887	1	nws(s)	0	1.9135	0.9794
0.1697	835	2089	2352	1517	2352	1517	0	dhq	0	1.5506	1.5504
0.7799	3841	1163	4404	563	4403	562	0	dws(s)	0	7.8286	7.8345
0.6399	608	366	921	313	312	920	0	ac	0	2.9455	0.3391
5.3877	182	108	222	40	114	74	0	gw(l)	10	5.5714	1.5405
0.2100	205	345	472	267	471	267	0	sq(low)	0	1.7660	1.7640
0.8202	1149	3704	3873	2724	3672	3702	4	uws	0	1.4218	0.9919
0.2404	2159	2993	4398	2239	4397	2238	0	dsq	0	1.9645	1.9647
0.3686	531	366	601	70	70	601	0	ba	0	8.5714	0.1165
1.4000	1278	151	1369	91	227	1369	2	gr(s)-modhc	0	15.0625	0.1658
1.4095	196	172	282	85	85	281	0	gw	0	3.3000	0.3025
0.0707	295	883	1068	773	882	882	0	hq	0	1.3824	1.0000
0.1697	386	452	595	209	208	594	0	w	0	2.8461	0.3502
0.9333	1710	345	1830	119	210	1829	3	gr(s)-uws(s)	0	15.3334	0.1148
0.0800	330	517	744	415	414	744	0	sq	0	1.7945	0.5565
1.4199	922	754	962	40	753	753	0	hs(pul)	0	24.0000	1.0000
4.2281	104	151	201	96	96	177	0	am(l)	0	2.0833	0.5424
0.1000	551	517	898	347	516	516	0	sq	0	2.5902	1.0000
1.4141	1341	1270	1438	97	170	1437	2	gr(s)-modhc	0	14.8823	0.1183
0.7324	2320	1615	3054	734	885	3054	1	aws(s)	0	4.1596	0.2898
0.6081	545	366	864	318	318	863	0	ac	0	2.7143	0.3685
0.5000	68	86	142	74	142	73	0	gr(s)	0	1.9231	1.9452
0.3535	1540	3618	4984	3445	4513	4984	1	uws(s)	0	1.4470	0.9055
0.1838	97	129	182	85	181	108	0	sq(low)	0	2.1333	1.6759
0.8299	597	366	881	284	284	880	0	ac	0	3.1000	0.3227
0.1500	449	452	551	102	102	551	0	ba	0	5.3889	0.1851
0.9099	994	495	1142	148	147	1142	0	ac	0	7.7308	0.1287
0.2100	449	65	511	63	62	511	0	ba	0	8.1818	0.1213
0.1300	284	301	358	74	301	3075	0	sq(low)	0	4.8462	0.0979
0.1300	381	3381	3710	3330	3380	3380	0	hq	0	1.1143	1.0000
0.1700	74	108	142	68	107	107	0	sq(low)	0	2.0833	1.0000
0.0900	381	926	1068	688	925	925	0	hsq	0	1.5537	1.0000
0.1556	91	129	182	91	181	108	0	sq(low)	0	2.0000	1.6759
0.2828	2068	3079	3171	1102	3170	1102	0	dsq	0	2.8763	2.8766
0.0848	375	431	540	165	430	430	0	sq	0	3.2759	1.0000
0.7778	670	452	960	290	313	960	2	ac	0	3.3137	0.3260
0.1635	498	474	678	180	180	678	0	am(s)	0	3.7647	0.2655
0.2000	443	323	540	97	96	539	0	ba	0	5.5882	0.1781
0.0707	341	603	744	403	602	602	0	sq	0	1.8451	1.0000
0.1000	409	452	688	278	452	452	0	sq	0	2.4694	1.0000
0.6081	2115	1206	2892	777	930	2892	1	aws(s)	0	3.7203	0.3216
0.1200	74	108	153	80	107	107	0	sq(low)	0	1.9286	1.0000
2.1708	662	345	742	80	371	741	0	lb	13	9.2727	0.5007
0.7495	619	474	983	364	363	983	0	ac	0	2.7031	0.3693
0.9474	68	86	136	68	86	86	0	gr	0	2.0000	1.0000
1.2288	647	689	865	218	298	698	0	hs(pul)	0	3.9667	0.4269
1.6199	2011	151	2114	102	188	443	2	gr(s)-dws(s)	0	20.6667	0.4244
0.1600	409	388	585	176	175	585	0	w	0	3.3226	0.2991
0.1838	1568	3187	3580	2011	3579	2011	0	dsq	0	1.7797	1.7797
1.8100	5504	172	5553	48	48	5552	2	gr(s)-uws(s)	0	115.1674	0.0086
0.1838	364	560	718	353	353	717	0	sq	0	2.0308	0.4923
0.1156	352	517	754	402	516	516	0	sq	0	1.8750	1.0000
0.1697	102	151	233	131	232	130	0	sq(low)	0	1.7826	1.7846
0.2687	102	172	205	102	102	204	0	gr(s)	0	2.0000	0.5000
0.1556	313	86	358	45	86	86	0	sq	0	7.8750	1.0000
3.5907	902	603	1143	241	451	972	0	ti(a-l)	16	4.7500	0.4640
0.0990	511	926	1358	847	925	925	0	hq	0	1.6040	1.0000
2.8706	72	172	193	121	172	172	0	gr	0	1.6000	1.0000
1.2999	1864	151	1960	97	136	614	1	gr(s)-dws(s)	0	20.2941	0.2215
1.2727	96	108	153	56	56	152	0	agr(s)	0	2.7143	0.3684
0.8899	778	603	1074	295	295	1073	0	ac	0	3.6346	0.2749
3.3996	785	345	1069	284	480	1069	0	ti(a-l)	16	3.7692	0.4490
0.0919	449	1314	1375	926	1375	926	0	hq	0	1.4847	1.4849
0.5939	1946	1292	2729	783	886	2729	1	aws(s)	0	3.4861	0.3247
0.0848	386	323	625	239	322	322	0	sq	0	2.6190	1.0000
3.6201	250	366	438	188	278	267	1	lm(pul)	0	2.3333	1.0412
0.5232	3205	3984	6784	3580	3579	5728	1	aws(s)	0	1.8952	0.6248
0.5800	182	129	256	74	73	255	0	agr(s)	0	3.4616	0.2863
2.8140	716	108	744	28	318	68	0	p	20	26.1996	4.6765
1.7498	434	323	466	32	88	337	0	ti(a)	20	14.4999	0.2611
1.0909	1127	1938	2801	1674	2059	2801	2	uws	0	1.6734	0.7351
0.8060	125	237	256	131	188	130	2	ngr(s)	0	1.9565	1.4462
2.3333	699	1378	1568	869	869	1415	4	modws	0	1.8039	0.6141
1.4707	347	237	449	102	216	295	0	gw	6	4.3889	0.7322
1.3292	517	108	563	45	60	381	3	am	0	12.3750	0.1575
0.1000	148	689	790	642	689	689	0	sq	0	1.2301	1.0000
0.1909	85	129	176	91	129	129	0	sq(low)	0	1.9375	1.0000
0.1273	830	2885	3546	2716	3545	2716	0	dsq	0	1.3054	1.3052
0.0990	250	517	608	358	516	516	0	sq	0	1.6984	1.0000
0.3413	3260	3553	6760	3500	4960	6760	1	uws(s)	0	1.9315	0.7337
0.5232	2180	1809	2914	734	832	2913	1	aws(s)	0	3.9704	0.2856
2.4040	767	646	821	54	55	103	0	hs(pul)	0	15.1001	0.5340
2.1198	305	323	354	48	48	225	3	mm	0	7.3334	0.2133
1.7111	80	151	185	104	150	150	0	gr	0	1.7692	1.0000
0.0707	307	775	966	659	775	775	0	hq	0	1.4655	1.0000
0.1768	97	129	188	91	129	129	0	sq(low)	0	2.0625	1.0000
0.0990	472	581	909	438	581	581	0	sq	0	2.0779	1.0000
1.8949	352	517	688	335	335	500	2	nm(pul)	0	2.0508	0.6700
2.2201	619	1249	1358	739	807	738	1	ns	0	1.8385	1.0935
0.1131	102	129	199	97	198	136	0	sq(low)	0	2.0588	1.4559
0.5600	4557	3338	5523	966	965	5523	0	aws(s)	0	5.7176	0.1747
0.1343	91	151	199	108	198	142	0	sq(low)	0	1.8421	1.3944
0.3823	93	86	129	36	128	35	0	gr(s)	0	3.5714	3.6571
1.5999	1619	151	1733	114	233	369	4	gr(s)-dws(s)	0	15.2500	0.6314
1.5272	3471	194	3544	72	72	3543	0	gr(s)-aws(s)	0	49.0003	0.0203
0.1131	415	797	875	460	796	796	0	hq	0	1.9012	1.0000
0.2404	1591	3036	3250	1659	2887	1659	1	dsq	0	1.9589	1.7402
0.2545	398	1723	1784	1386	1386	1682	1	nc(s)	0	1.2869	0.8240
1.9797	330	495	682	352	352	392	1	nm(pul)	0	1.9355	0.8980
0.3959	116	43	153	36	152	36	0	sn	0	4.2000	4.2222
0.2545	574	624	1097	523	624	624	0	sq	0	2.0978	1.0000
1.0464	670	452	790	119	119	789	0	am	0	6.6191	0.1508
0.4200	278	129	335	57	56	335	0	agr(s)	0	5.9000	0.1672
3.0411	167	129	204	36	95	203	0	agr(l)	0	5.6000	0.4680
3.6797	330	409	443	114	113	443	0	am(l)	0	3.9000	0.2551
1.6190	535	668	792	257	257	791	0	ac	0	3.0800	0.3249
0.4667	1301	151	1403	102	102	795	1	gr(s)-nc(s)	0	13.7222	0.1283
1.3858	670	560	739	68	102	301	1	nm	0	10.8334	0.3389
0.2192	91	129	193	102	193	159	0	sq(low)	0	1.8889	1.2138
0.0990	227	689	841	614	689	689	0	hq	0	1.3704	1.0000
0.9474	3455	3984	6354	2900	3104	4025	2	nws(s)	0	2.1914	0.7712
2.1598	1503	237	1527	24	153	217	0	p	20	63.3337	0.7051
1.2303	651	1464	1543	892	1101	891	1	ns	0	1.7297	1.2357
0.1343	102	151	199	97	198	136	0	sq(low)	0	2.0588	1.4559
1.2585	91	129	182	91	181	125	0	gr	0	2.0000	1.4480
1.8383	364	452	761	398	420	420	3	mm	0	1.9143	1.0000
0.5798	80	172	222	142	172	172	0	dm	0	1.5600	1.0000
0.5515	1816	1270	2626	810	946	2625	1	aws(s)	0	3.2416	0.3604
0.1626	85	151	199	114	198	142	0	sq(low)	0	1.7500	1.3944
4.5817	108	129	199	91	198	125	0	gw(l)	0	2.1875	1.5840
1.7818	267	43	301	34	97	108	0	gw(low)	0	8.8333	0.8981
0.6999	722	1270	1790	1068	1256	1789	1	uws(s)	0	1.6755	0.7021
1.5979	5384	172	5456	72	72	5456	0	gr(s)-aws(s)	0	75.4449	0.0132
0.6505	5637	3962	6978	1341	1340	5898	1	aws(s)	0	5.2034	0.2272
0.0848	420	904	1216	795	904	904	0	hq	0	1.5286	1.0000
2.4747	455	581	722	267	267	369	3	mm	0	2.7021	0.7236
0.9474	580	452	636	57	56	636	0	am	0	11.2000	0.0881
0.0954	297	474	583	286	286	583	0	am(s)	0	2.0370	0.4906
0.3252	318	43	352	34	34	352	0	w	0	10.3332	0.0966
3.4221	91	129	159	68	159	70	0	gw(l)	0	2.3333	2.2714
0.2545	353	560	723	370	369	582	1	sq	0	1.9559	0.6340
0.2200	108	194	244	136	244	136	0	dm	0	1.7917	1.7941
0.0600	188	388	528	341	387	387	0	sq(low)	0	1.5500	1.0000
0.1556	85	129	188	102	187	148	0	sq(low)	0	1.8333	1.2635
1.5272	74	151	176	102	176	131	0	gr	0	1.7222	1.3435
0.7699	1188	581	1347	159	159	1346	0	ac	0	8.4643	0.1181
0.1556	378	2799	3102	2724	2799	2799	0	sq	0	1.1386	1.0000
0.4949	80	151	205	125	204	159	0	gr(s)	0	1.6364	1.2830
0.4240	98	43	118	21	118	20	0	sn	0	5.7500	5.9000
1.3434	121	129	145	24	56	25	1	ngr(s)	0	6.0000	2.2400
0.1200	165	732	847	682	732	732	0	hq	0	1.2417	1.0000
0.1090	742	1421	2004	1262	1261	2003	0	aws(s)	0	1.5882	0.6296
0.1200	608	1077	1597	989	1596	988	0	sq	0	1.6149	1.6154
1.6545	540	129	580	40	85	341	1	am	0	14.5713	0.2493
0.5600	426	1206	1477	1051	1335	1477	1	uws(s)	0	1.4054	0.9039
0.1838	2722	3553	6217	3496	3495	6217	0	aws(s)	0	1.7786	0.5622
0.1600	97	108	159	63	159	62	0	sq(low)	0	2.5455	2.5645
0.8626	80	258	290	210	258	258	0	m	0	1.3784	1.0000
0.4242	1807	4544	5682	3875	3875	4830	1	aws(s)	0	1.4663	0.8023
1.1171	1784	3381	4057	2273	3091	2272	1	nws(s)	0	1.7850	1.3605
3.3397	1229	215	1270	40	185	209	0	p(l)	23	31.5997	0.8852
0.1697	540	108	602	63	107	107	0	sq	0	9.6364	1.0000
0.1131	580	581	949	369	581	581	0	sq	0	2.5692	1.0000
2.0045	1666	861	1872	206	205	1871	0	ac	0	9.1000	0.1096
0.1600	386	1184	1523	1136	1522	1136	0	dhq	0	1.3400	1.3398
0.1838	555	646	788	234	788	233	0	sq	0	3.3721	3.3820
0.1697	1913	2627	3857	1945	3857	1944	0	dsq	0	1.9835	1.9841
2.3898	1173	129	1221	48	201	129	0	gw	0	25.3335	1.5581
0.1768	114	151	227	114	227	142	0	sq(low)	0	2.0000	1.5986
0.2050	102	151	210	108	210	131	0	sq(low)	0	1.9474	1.6031
0.2687	1898	3058	3284	1386	2864	1386	1	dsq	0	2.3689	2.0664
0.2545	148	172	233	85	85	232	0	gr(s)	0	2.7333	0.3664
2.7033	153	129	196	44	51	196	0	agr(l)	0	4.5000	0.2602
0.8060	1330	3768	4273	2943	3455	2943	4	nws(s)	0	1.4517	1.1740
0.6222	619	366	909	290	289	909	0	ac	0	3.1372	0.3179
0.5200	352	43	369	17	68	369	0	ba	0	21.6671	0.1843
0.1909	85	129	176	91	129	129	0	sq(low)	0	1.9375	1.0000
0.1600	449	388	676	227	387	387	0	sq	0	2.9750	1.0000
0.3111	364	668	718	353	353	435	1	sq	0	2.0308	0.8115
1.2020	551	258	625	74	73	256	1	nm	0	8.4616	0.2852
0.1768	119	172	239	119	238	119	0	sq(low)	0	2.0000	2.0000
0.3900	318	86	347	28	108	346	1	ba	7	12.1998	0.3121
1.2444	102	194	227	125	125	227	0	agr	0	1.8182	0.5507
0.1273	409	301	670	261	261	670	0	w	0	2.5652	0.3896
0.0848	489	603	818	330	329	818	0	sq	0	2.4828	0.4022
3.1534	261	323	381	119	284	119	1	dm(l)	0	3.1905	2.3866
0.2545	619	345	699	80	79	698	0	ba	0	8.7857	0.1132
1.6799	733	1421	1528	795	795	1528	0	as	0	1.9214	0.5203
1.2585	926	1184	2068	1142	1188	2068	2	aws	0	1.8109	0.5745
0.4667	1091	215	1188	97	96	1187	0	gr(s)-ac(s)	0	12.2941	0.0809
1.4989	608	108	659	51	85	222	1	nm	0	12.8889	0.3829
0.0990	190	711	810	620	710	710	0	sq	0	1.3070	1.0000
0.0707	244	301	386	142	301	301	0	sq	0	2.7200	1.0000
0.1400	591	624	898	307	624	624	0	sq	0	2.9259	1.0000
0.9899	665	474	710	45	45	710	0	am	0	15.6250	0.0634
0.6399	653	1400	1779	1125	1222	1778	1	uws(s)	0	1.5808	0.6873
1.0799	631	237	739	108	108	738	0	ti(a)	3	6.8421	0.1463
0.1273	886	2369	2762	1875	2761	1875	0	dsq	0	1.4727	1.4725
0.3818	342	538	690	348	347	419	1	sq	0	1.9844	0.8282
0.5300	335	65	375	40	142	375	1	ba	0	9.4285	0.3787
0.2181	360	345	477	117	116	477	0	am(s)	0	4.0909	0.2432
1.2444	193	129	273	80	79	205	1	agr	0	3.4285	0.3854
1.6121	642	1292	1375	733	881	732	1	ns	0	1.8760	1.2036
0.1626	97	129	182	85	181	114	0	sq(low)	0	2.1333	1.5877
0.5600	528	280	744	216	273	744	0	w	0	3.4474	0.3669
0.1202	108	151	199	91	150	150	0	sq(low)	0	2.1875	1.0000
1.7199	688	452	972	284	284	971	2	am	0	3.4200	0.2925
0.1000	693	1335	1710	1017	1710	1017	0	sq	0	1.6816	1.6814
0.2192	119	151	227	108	227	148	0	sq(low)	0	2.1053	1.5338
0.2687	170	194	222	51	51	136	1	gr(s)	0	4.3333	0.3750
0.3000	290	65	330	40	40	329	0	ba	0	8.2857	0.1216
2.4498	1326	151	1350	24	169	121	0	gw	0	56.0003	1.3967
0.1414	109	603	658	549	602	602	0	sq	0	1.1980	1.0000
0.1414	85	129	193	108	193	131	0	sq(low)	0	1.7895	1.4733
1.6545	394	517	739	346	378	739	0	am	0	2.1395	0.5115
2.3615	614	280	659	45	267	278	0	ti	16	14.5000	0.9604
0.4525	1455	151	1517	63	62	1375	3	gr(s)-nc(s)	0	24.2728	0.0451
0.1131	301	1055	1210	909	1055	1055	0	hq	0	1.3313	1.0000
2.7009	129	172	201	72	72	145	0	gr	0	2.7778	0.4966
0.1273	483	1572	1619	1136	1136	1619	0	ahq	0	1.4250	0.7017
0.1700	980	926	1045	64	64	1044	0	sq	0	16.2499	0.0613
0.8909	477	151	568	91	90	568	0	ba	0	6.2500	0.1585
3.3397	267	366	403	136	136	341	0	am(l)	0	2.9583	0.3988
0.1131	358	2433	2705	2347	2704	2346	0	dhq	0	1.1525	1.1526
1.9514	727	258	767	40	273	74	0	p	23	19.2856	3.6892
0.1700	381	732	886	506	505	886	0	sq	0	1.7528	0.5700
0.5204	2024	1701	2788	765	764	2788	0	aws(s)	0	3.6469	0.2740
0.0848	239	711	783	544	782	542	0	sq	0	1.4400	1.4428
0.7799	91	258	295	205	295	204	0	dm	0	1.4444	1.4461
0.1909	91	151	205	114	204	159	0	sq(low)	0	1.8000	1.2830
1.2444	239	129	295	57	295	148	0	gw	0	5.2000	1.9932
5.0766	176	86	199	23	198	23	0	gr(l)	0	8.7502	8.6087
1.3151	91	258	318	227	261	233	0	m	0	1.4000	1.1202
1.4989	1141	1852	1904	763	1109	763	1	nws	0	2.4947	1.4535
0.5999	955	1206	2029	1074	1409	2028	1	uws(s)	0	1.8889	0.6948
0.1273	614	581	1000	386	581	581	0	sq	0	2.5882	1.0000
0.5232	1973	1206	2691	718	794	2691	0	aws(s)	0	3.7500	0.2951
1.7676	955	883	1534	580	864	579	1	modhs	0	2.6471	1.4922
0.2891	1640	2304	3500	1860	1860	3499	0	aws(s)	0	1.8815	0.5316
0.2475	108	151	222	114	221	221	1	sq(low)	0	1.9500	1.0000
0.6788	375	215	409	34	34	119	1	ngr(s)	0	11.9999	0.2857
0.7699	1028	603	1171	142	1170	142	0	ac	0	8.2400	8.2394
1.1599	460	237	540	80	107	539	0	ti(a)	6	6.7857	0.1985
0.1768	97	129	176	80	129	129	0	sq(low)	0	2.2143	1.0000
1.8383	744	904	1415	670	869	670	1	modhs	0	2.1102	1.2970
3.2241	410	517	667	257	257	595	0	am(l)	0	2.5937	0.4319
2.0080	96	194	249	153	193	193	0	gr	0	1.6316	1.0000
0.1414	563	237	642	80	79	642	0	sq	0	8.0714	0.1231
0.1273	443	1206	1625	1182	1181	1625	0	ahq	0	1.3750	0.7268
1.1313	500	538	619	119	119	301	1	am	0	5.1905	0.3953
0.2545	114	172	227	114	172	172	0	gr(s)	0	2.0000	1.0000
2.0623	648	194	689	41	41	689	0	lb	16	16.7500	0.0595
6.8538	1200	581	1258	58	531	415	0	hs(pul)-sq(series)	10	21.6250	1.2795
2.4398	1750	172	1796	45	45	369	1	gr(s)-dws	0	39.4999	0.1220
0.8626	631	474	716	85	85	715	0	am(pul)	0	8.4000	0.1189
1.2970	503	258	581	78	77	581	0	lb	0	7.4545	0.1325
2.2767	341	409	602	261	261	318	1	nm(pul)	0	2.3043	0.8208
0.3800	386	151	455	68	68	454	0	c	10	6.6667	0.1498
0.1400	534	409	767	233	409	409	0	sq	0	3.2927	1.0000
0.0848	523	538	801	278	278	801	0	sq	0	2.8776	0.3471
0.2545	288	689	739	451	451	739	0	sq	0	1.6386	0.6103
0.2594	1008	4867	5657	4649	4866	5091	1	uws(s)	0	1.2168	0.9558
0.2404	426	172	511	85	85	511	0	am(s)	0	6.0000	0.1663
0.0700	290	754	903	614	753	753	0	sq	0	1.4722	1.0000
0.1900	415	474	602	188	187	602	0	w	0	3.2121	0.3106
0.1697	500	108	563	63	107	107	0	sq	0	9.0000	1.0000
0.1980	205	1809	1898	1693	1897	1693	0	hq	0	1.1208	1.1205
4.2051	509	129	545	36	320	73	2	mgr(pul-l)	0	15.0001	4.3836
0.5400	182	129	244	63	62	170	0	agr(s)	0	3.9091	0.3647
0.0707	409	538	659	250	538	538	0	sq	0	2.6364	1.0000
0.9699	528	581	676	148	147	500	1	ti(a)	13	4.5769	0.2940
0.1061	398	431	563	165	430	430	0	sq	0	3.4138	1.0000
0.0848	426	775	960	534	775	775	0	sq	0	1.7979	1.0000
0.1273	119	129	205	85	204	90	0	sq(low)	0	2.4000	2.2667
4.3271	119	108	159	40	39	97	0	gw(l)	13	4.0000	0.4021
0.1485	102	129	193	91	193	90	0	sq(low)	0	2.1250	2.1444
1.5414	205	280	381	176	210	313	0	gw	13	2.1613	0.6709
0.3959	114	194	244	131	193	193	0	gr(s)	0	1.8696	1.0000
0.8299	85	194	216	131	130	159	0	gr	0	1.6522	0.8176
1.1596	119	108	148	28	40	30	1	ngr(s)	0	5.1999	1.3333
0.8999	517	237	619	102	102	619	0	ti(a)	10	6.0556	0.1648
1.7676	85	172	210	125	172	172	0	gr	0	1.6818	1.0000
0.1250	108	129	193	84	129	129	0	sq(low)	0	2.2857	1.0000
0.4400	216	172	290	74	73	289	0	agr(s)	0	3.9231	0.2526
0.2970	125	151	239	114	238	148	0	sq(low)	0	2.1000	1.6081
0.3413	1092	1141	1804	712	711	1804	0	aws(s)	0	2.5352	0.3941
0.2121	288	388	533	245	244	532	0	sq	0	2.1778	0.4586
0.0700	244	409	557	313	312	556	0	sq	0	1.7818	0.5612
0.6363	528	65	574	45	119	573	0	ba	16	12.6250	0.2077
0.1200	409	431	670	261	430	430	0	sq	0	2.5652	1.0000
0.2121	294	474	723	429	429	527	1	sq	0	1.6835	0.8140
0.1749	108	129	193	85	129	129	0	sq(low)	0	2.2667	1.0000
0.1131	190	732	821	631	820	630	0	sq	0	1.3017	1.3016
0.8999	455	237	608	153	182	607	0	ti(a)	10	3.9630	0.2998
0.9616	466	431	574	108	107	573	0	am(pul)	0	5.3158	0.1867
0.8343	1727	2713	3512	1784	3511	1784	2	nws(s)	0	1.9682	1.9680
0.7495	364	151	460	97	239	460	1	ba	0	4.7647	0.5196
0.1700	398	452	568	170	170	568	0	w	0	3.3333	0.2993
1.5414	305	1184	1358	1053	1052	1358	2	modhc	0	1.2901	0.7747
0.8599	528	237	614	85	90	613	0	ti(a)	6	7.2000	0.1468
4.4892	225	129	276	51	73	145	0	gw(l)	0	5.4286	0.5034
0.1556	449	129	506	57	56	505	0	sq	0	8.9000	0.1109
4.1574	85	108	159	74	73	97	0	gw(l)	0	2.1539	0.7526
0.8343	603	345	669	65	65	668	0	am(s)	0	10.2500	0.0973
0.1485	80	129	176	97	129	129	0	sq(low)	0	1.8235	1.0000
0.1300	117	129	189	72	129	129	0	sq(low)	0	2.6111	1.0000
3.9297	114	301	392	278	392	278	0	lm	0	1.4082	1.4101
1.9232	545	1400	1443	898	897	1443	1	nws	0	1.6076	0.6216
0.1414	608	452	841	233	452	452	0	sq	0	3.6098	1.0000
3.8746	97	86	125	28	28	125	0	gw(l)	0	4.3999	0.2240
0.6929	582	388	642	60	59	641	0	am(s)	0	10.7272	0.0920
0.0990	261	732	799	538	799	538	0	sq	0	1.4848	1.4851
1.8100	96	172	225	129	177	225	0	gr	0	1.7500	0.7867
0.2333	125	151	227	102	227	102	0	sq(low)	0	2.2222	2.2255
0.1556	568	86	608	40	86	86	0	sq	0	15.2856	1.0000
0.1626	97	129	182	85	129	129	0	sq(low)	0	2.1333	1.0000
0.1485	102	129	193	91	129	129	0	sq(low)	0	2.1250	1.0000
0.1273	330	474	676	347	473	473	0	w	0	1.9508	1.0000
0.3040	165	129	267	102	267	125	0	sq(low)	0	2.6111	2.1360
0.1838	91	129	170	80	129	129	0	sq(low)	0	2.1428	1.0000
2.3050	426	581	830	403	619	460	3	mm	0	2.0563	1.3457
0.1000	244	345	494	250	250	494	0	sq	0	1.9773	0.5061
0.1000	676	431	915	239	430	430	0	sq	0	3.8333	1.0000
0.2121	2153	1314	3072	919	1017	3071	0	aws(s)	0	3.3432	0.3312
0.1061	313	947	1199	886	947	947	0	hq	0	1.3526	1.0000
0.7636	619	474	750	131	130	750	0	am(pul)	0	5.7391	0.1733
0.5397	1728	1550	2540	812	812	2540	0	aws(s)	0	3.1266	0.3197
0.4200	449	129	511	63	62	511	0	agr(s)	0	8.1818	0.1213
0.1414	97	129	182	85	181	85	0	sq(low)	0	2.1333	2.1294
0.5091	165	366	409	244	244	369	0	am(s)	0	1.6744	0.6612
3.3537	185	86	216	31	30	215	0	agr(l)	0	6.9999	0.1395
2.5454	159	86	205	45	45	165	0	gw	0	4.5000	0.2727
0.2121	102	129	193	91	129	129	0	sq(low)	0	2.1250	1.0000
0.1980	1886	2864	3421	1534	3420	2863	0	dsq	0	2.2296	1.1946
1.2020	173	323	374	201	342	200	1	dm	0	1.8600	1.7100
0.1700	117	108	173	56	107	107	0	sq(low)	0	3.0714	1.0000
0.3182	114	129	193	80	193	119	0	sq(low)	0	2.4286	1.6218
1.4989	506	323	540	34	34	539	0	p	13	15.8332	0.0631
0.1414	147	388	489	342	342	489	0	sq	0	1.4286	0.6994
0.1697	97	129	188	91	187	114	0	sq(low)	0	2.0625	1.6404
0.1485	97	129	176	80	129	129	0	sq(low)	0	2.2143	1.0000
0.4800	267	129	341	74	73	153	1	agr(s)	0	4.6154	0.4771
0.1768	97	129	188	91	187	125	0	sq(low)	0	2.0625	1.4960
1.1596	104	129	169	64	129	129	0	gr	0	2.6250	1.0000
1.0999	131	172	222	91	119	90	1	nm	0	2.4375	1.3222
0.9474	307	151	392	85	102	392	2	ngr(s)-ba	0	4.6000	0.2602
0.4667	1415	151	1489	74	73	847	9	gr(s)-nc(s)	0	20.1540	0.0862
1.4000	1705	1507	1784	80	79	511	1	gr(s)-dws(s)	0	22.4284	0.1546
0.3252	91	172	216	125	172	172	0	gr(s)	0	1.7273	1.0000
0.5939	642	388	858	216	267	857	0	w	0	3.9737	0.3116
0.3959	136	108	193	57	91	193	0	gr(s)	0	3.4000	0.4715
0.5800	108	194	256	148	205	147	0	dm	0	1.7308	1.3946
0.2757	125	129	227	102	227	142	0	sq(low)	0	2.2222	1.5986
0.1000	284	431	585	301	430	430	0	sq	0	1.9434	1.0000
0.9333	2438	1658	2551	114	113	2551	1	gr(s)-dws(s)	0	22.4500	0.0443
4.0861	868	345	1145	277	313	1145	0	ti(a-l)	20	4.1290	0.2734
3.6428	614	560	885	272	271	885	0	ti(a-l)	20	3.2593	0.3062
0.3677	102	215	267	165	215	215	0	gr(s)	0	1.6207	1.0000
1.8888	144	108	185	41	41	185	0	agr	0	4.5000	0.2216
0.4818	967	2153	2324	1358	2324	1357	0	dws(s)	0	1.7121	1.7126
0.2250	100	129	193	92	129	129	0	sq(low)	0	2.0869	1.0000
0.4600	267	172	324	57	56	323	0	agr(s)	0	5.7000	0.1734
2.0929	91	194	244	153	182	188	0	gr	0	1.5926	0.9681
0.4600	239	129	301	63	62	301	0	agr(s)	0	4.8182	0.2060
0.2300	1133	797	1197	64	64	1197	0	sq	0	18.6249	0.0535
1.1454	313	237	415	102	347	193	2	ti	16	4.0556	1.7979
0.2333	131	129	233	102	232	136	0	sq(low)	0	2.2778	1.7059
0.5939	256	129	318	63	62	182	1	ngr(s)	0	5.0909	0.3407
0.1800	295	409	563	267	261	562	0	sq	0	2.1064	0.4644
4.8221	483	431	636	153	153	636	9	am(l)	0	4.1481	0.2406
0.1697	693	1723	1886	1193	1193	1886	0	ahq	0	1.5810	0.6326
0.3400	392	65	438	45	148	437	1	ba	0	9.6250	0.3387
2.1494	278	345	483	205	290	330	0	am(pul)	0	2.3611	0.8788
0.7636	538	323	614	76	103	614	0	ba	0	8.0714	0.1678
0.1600	100	129	185	84	129	129	0	sq(low)	0	2.1905	1.0000
0.5800	386	43	403	17	63	403	0	ba	0	23.6671	0.1563
4.3413	347	345	563	216	284	341	2	lm(pul)	0	2.6053	0.8328
0.1414	699	1637	2102	1403	2102	1403	0	dhq	0	1.4980	1.4982
1.7598	498	474	530	32	80	426	0	ti(a)	23	16.4999	0.1878
0.1909	102	129	199	97	198	153	0	sq(low)	0	2.0588	1.2941
1.3199	85	258	295	210	295	210	0	dm	0	1.4054	1.4048
0.1273	321	818	968	647	967	646	0	sq	0	1.4958	1.4969
0.2050	142	151	256	114	255	113	0	sq(low)	0	2.2500	2.2566
1.4000	1364	2132	2182	818	818	1318	1	ns	0	2.6667	0.6206
0.9474	563	474	670	108	107	670	0	am	0	6.2105	0.1597
0.8288	730	215	782	51	51	781	0	ba	0	15.1999	0.0653
1.3717	837	65	881	43	65	880	0	lb	0	20.2498	0.0739
0.5515	239	129	318	80	79	170	1	ngr(s)	0	4.0000	0.4647
3.5624	938	474	1244	305	487	1243	0	ti(a-l)	20	4.0714	0.3918
1.6111	601	323	682	80	80	681	0	lb	0	8.5000	0.1175
0.8299	261	172	284	23	22	284	0	ba	0	12.5002	0.0775
0.8343	369	129	449	80	79	448	0	ba	0	5.6428	0.1763
1.4000	511	301	528	17	17	528	0	p	16	31.0006	0.0322
0.0900	284	452	710	426	426	710	0	sq	0	1.6667	0.6000
1.9656	85	388	420	335	375	358	0	m	0	1.2542	1.0475
2.2767	102	495	534	432	472	460	0	gr	0	1.2368	1.0261
2.8423	170	237	369	199	369	222	0	gr	0	1.8571	1.6622
0.3252	97	215	256	159	215	215	0	gr(s)	0	1.6071	1.0000
1.3575	710	538	790	80	119	602	0	ti(a)	6	9.9285	0.1977
2.2484	97	258	278	182	278	199	0	gr	0	1.5313	1.3970
2.1353	113	215	265	153	152	265	0	gr	0	1.7368	0.5736
0.7212	352	129	449	97	261	448	1	ba	0	4.6471	0.5826
0.1697	642	108	693	51	51	693	0	sq	0	13.5555	0.0736
0.7212	136	151	244	108	115	148	1	ngr(s)	0	2.2632	0.7770
2.2060	352	301	528	176	261	386	2	mm(pul)	0	3.0000	0.6762
0.0848	551	560	784	233	559	559	0	sq	0	3.3659	1.0000
0.1697	466	1744	1966	1500	1500	1966	0	dhq	0	1.3106	0.7630
0.1556	489	86	528	40	86	86	0	sq	0	13.2856	1.0000
1.5099	494	1227	1278	784	784	1006	1	hc	0	1.6304	0.7793
3.7898	239	345	381	142	159	295	0	am(l)	0	2.6800	0.5390
0.6788	381	65	432	51	114	431	0	c	16	8.4444	0.2645
0.1273	1017	258	1102	85	85	1102	0	sq	0	12.9333	0.0771
1.1399	506	538	693	188	187	455	1	am	0	3.6970	0.4110
1.2727	1665	194	1790	125	125	761	3	gr(s)-dws(s)	0	14.3182	0.1643
0.1050	141	129	213	72	129	129	0	sq(low)	0	2.9445	1.0000
1.6545	193	172	227	34	91	34	3	ngr(s)	0	6.6666	2.6765
0.7399	227	86	256	28	28	255	0	ba	0	8.9999	0.1098
0.2121	97	151	205	108	204	131	0	sq(low)	0	1.8947	1.5573
0.1202	108	129	193	85	129	129	0	sq(low)	0	2.2667	1.0000
0.1697	642	2670	3085	2443	3085	2443	0	dhq	0	1.2628	1.2628
2.9696	432	345	608	176	330	607	3	mm(pul)	0	3.4516	0.5437
0.1000	256	345	568	313	312	568	0	sq	0	1.8182	0.5493
0.2828	267	689	801	534	688	534	1	nc(s)	0	1.5000	1.2884
0.1838	108	129	199	91	129	129	0	sq(low)	0	2.1875	1.0000
0.1485	85	129	176	91	129	129	0	sq(low)	0	1.9375	1.0000
1.5979	182	151	210	28	108	28	1	ngr(s)	0	7.3999	3.8571
3.7199	771	603	998	226	226	997	0	ti(a-l)	10	4.4091	0.2267
0.1600	398	452	568	170	170	568	0	w	0	3.3333	0.2993
0.1485	85	129	176	91	129	129	0	sq(low)	0	1.9375	1.0000
0.1697	347	1270	1551	1205	1204	1551	0	ahq	0	1.2877	0.7763
0.3300	571	323	643	72	72	642	0	w	0	8.8889	0.1121
0.0700	278	431	591	313	312	590	0	sq	0	1.8909	0.5288
2.0080	824	861	1392	568	750	568	1	modhs	0	2.4500	1.3204
0.3111	159	129	244	85	85	244	0	gr(s)	0	2.8667	0.3484
2.0098	482	409	554	72	153	554	0	ti(a)	23	7.6667	0.2762
3.3373	199	280	438	239	392	238	0	dm(l)	0	1.8333	1.6471
3.5069	267	345	426	159	273	199	1	lm(pul)	0	2.6786	1.3719
0.1556	545	129	614	68	68	613	0	sq	0	9.0000	0.1109
1.1799	403	1120	1267	864	1267	863	0	dc	0	1.4671	1.4681
2.8706	233	345	381	148	301	159	0	dm(l)	0	2.5769	1.8931
0.7495	1858	1852	1972	114	113	153	1	gr(s)-dws(s)	0	17.3500	0.7386
0.8799	489	43	500	11	63	500	0	ba	0	44.0009	0.1260
0.1273	358	345	483	125	125	482	0	sq	0	3.8636	0.2593
1.2303	2154	1723	2284	131	199	744	3	gr(s)-dws(s)	0	17.4783	0.2675
0.9474	1182	2627	3171	1989	2852	1988	1	nws(s)	0	1.5943	1.4346
0.0800	324	409	682	358	409	409	0	sq	0	1.9048	1.0000
0.1600	557	388	847	290	540	846	1	w	0	2.9216	0.6383
1.8198	1841	172	1943	102	148	449	1	gr(s)-dws	0	19.0000	0.3296
1.7535	91	215	267	176	193	192	0	gr	0	1.5161	1.0052
0.2828	91	172	227	136	172	172	0	gr(s)	0	1.6667	1.0000
1.2868	80	86	142	63	62	142	0	gr	0	2.2727	0.4366
2.1070	170	280	398	227	397	227	6	mm	0	1.7500	1.7489
0.4525	1761	1292	2528	767	913	2527	1	aws(s)	0	3.2979	0.3613
0.3000	691	345	731	40	40	731	0	w	0	18.1998	0.0547
1.0599	523	237	619	97	210	619	0	ti(a)	6	6.4118	0.3393
1.9939	1028	646	1375	347	381	1375	0	am	0	3.9672	0.2771
0.1980	102	151	199	97	198	148	0	sq(low)	0	2.0588	1.3378
0.2404	102	215	267	165	188	267	0	gr(s)	0	1.6207	0.7041
1.8171	91	129	170	80	129	129	0	gw	10	2.1428	1.0000
1.5979	249	366	474	225	225	273	1	nm(pul)	0	2.1071	0.8242
0.6999	466	43	483	17	68	482	0	ba	0	28.3339	0.1411
0.1131	375	301	614	239	238	613	0	sq	0	2.5714	0.3883
0.2828	108	194	250	142	250	142	0	gr(s)	0	1.7600	1.7606
0.3111	108	172	227	119	172	172	0	gr(s)	0	1.9048	1.0000
0.1273	710	538	1051	341	538	538	0	sq	0	3.0833	1.0000
1.6686	273	258	432	159	431	267	0	gw	16	2.7143	1.6142
0.5091	239	258	301	63	62	170	1	ngr(s)	0	4.8182	0.3647
0.1000	267	409	580	313	409	409	0	sq	0	1.8545	1.0000
1.9090	182	129	210	28	28	57	1	ngr	0	7.3999	0.4912
0.1700	108	129	193	84	129	129	0	sq(low)	0	2.2857	1.0000
0.3959	142	108	193	51	51	193	0	gr(s)	0	3.7778	0.2642
1.2585	2159	1852	2210	51	51	710	3	gr(s)-dws(s)	0	43.2222	0.0718
1.9090	97	237	295	199	295	210	0	gr	0	1.4857	1.4048
0.3111	205	194	250	45	45	250	0	gr(s)	0	5.5000	0.1800
1.4848	663	65	696	33	87	695	0	lb	0	21.3331	0.1252
1.6999	165	151	239	74	74	238	0	gw	16	3.2308	0.3109
0.9399	381	1400	1449	1068	1448	1313	2	uws(s)	0	1.3564	1.1028
0.1450	133	129	201	68	129	129	0	sq(low)	0	2.9412	1.0000
0.3200	472	689	830	358	357	466	1	nm(s)	0	2.3175	0.7661
0.0900	261	345	574	313	312	573	0	sq	0	1.8364	0.5445
1.1596	97	172	227	131	227	159	0	gr	0	1.7391	1.4277
0.1343	91	129	176	85	129	129	0	sq(low)	0	2.0667	1.0000
0.7495	415	65	449	34	108	448	0	c	16	13.1665	0.2411
0.2475	85	129	176	91	176	90	0	sq(low)	0	1.9375	1.9556
1.5272	290	409	506	216	215	505	0	am(pul)	0	2.3421	0.4257
1.8383	534	1227	1341	807	806	1193	5	ac	0	1.6620	0.6756
1.4799	545	538	739	193	193	381	1	ti(a)	16	3.8235	0.5066
4.0996	222	65	250	28	250	28	0	dgr(l)	0	8.7999	8.9286
2.2484	80	215	273	193	272	193	0	gr	0	1.4118	1.4093
0.5300	608	258	841	233	278	840	0	w	0	3.6098	0.3310
0.1600	409	624	693	284	624	624	0	sq	0	2.4400	1.0000
1.1199	432	86	477	45	335	45	0	p	13	10.5000	7.4444
1.0889	472	151	511	40	114	511	2	ngr(s)-ba	0	12.8571	0.2231
0.5800	121	151	225	104	105	114	1	ngr(s)	0	2.1539	0.9211
2.6868	91	194	239	148	193	193	0	gr	0	1.6154	1.0000
0.1500	301	301	563	261	261	562	0	sq	0	2.1522	0.4644
0.5598	517	345	595	78	78	595	0	am(s)	0	7.6363	0.1311
0.7495	460	474	619	159	159	619	0	am(pul)	0	3.8929	0.2569
0.2687	310	689	739	429	429	636	1	sq	0	1.7215	0.6745
2.6020	1033	754	1084	51	753	753	0	hs(pul)	0	21.2856	1.0000
1.1499	108	194	269	161	234	269	9	gr	0	1.6667	0.8699
0.2050	91	129	176	85	129	129	0	sq(low)	0	2.0667	1.0000
1.9656	301	388	551	250	250	369	2	nm(pul)	0	2.2045	0.6775
0.3818	80	172	216	136	215	140	0	gr(s)	0	1.5833	1.5357
0.2263	97	129	182	85	129	129	0	sq(low)	0	2.1333	1.0000
1.3151	477	301	523	45	45	352	0	p	23	11.5000	0.1278
1.1313	233	323	369	136	313	136	0	dm	0	2.7083	2.3015
0.1838	273	1680	1784	1511	1784	1511	0	dhq	0	1.1805	1.1807
0.5656	545	108	585	40	114	585	0	ba	16	14.7142	0.1949
0.1200	466	409	682	216	409	409	0	sq	0	3.1579	1.0000
0.1400	455	474	852	398	557	852	0	w	0	2.1429	0.6538
1.1313	750	1357	1801	1051	1051	1381	1	ns	0	1.7135	0.7610
1.3434	210	194	233	23	136	22	1	ngr(s)	0	10.2502	6.1818
0.2192	114	129	193	80	79	193	0	sq(low)	0	2.4286	0.4093
1.5291	511	366	591	80	80	591	0	lb	0	7.3750	0.1354
0.1768	85	129	176	91	125	95	0	sq(low)	0	1.9375	1.3158
0.1838	403	1873	2029	1625	1873	1873	0	hq	0	1.2483	1.0000
1.6969	88	172	209	121	153	161	0	gr	0	1.7333	0.9503
0.9616	102	258	301	199	300	222	0	m	0	1.5143	1.3514
0.1700	129	129	217	88	129	129	0	sq(low)	0	2.4545	1.0000
1.5979	597	431	653	57	97	369	1	nm	0	11.5000	0.2629
1.5414	602	1443	1608	1006	1005	1182	5	ns	0	1.5989	0.8503
0.2475	97	151	216	119	215	119	0	sq(low)	0	1.8095	1.8067
0.1697	102	129	188	85	129	129	0	sq(low)	0	2.2000	1.0000
0.1414	483	560	983	500	559	559	0	sq	0	1.9659	1.0000
0.1500	113	129	201	88	129	129	0	sq(low)	0	2.2727	1.0000
0.8626	278	151	324	45	119	323	2	ngr(s)-ba	0	7.1250	0.3684
0.5374	267	129	324	57	56	176	1	ngr(s)	0	5.7000	0.3182
2.5878	145	517	595	450	522	506	1	mm(pul)	0	1.3214	1.0316
1.6768	494	86	535	41	41	534	0	lb	16	13.0000	0.0768
0.2192	108	129	199	91	198	142	0	sq(low)	0	2.1875	1.3944
1.7252	205	345	420	216	215	341	1	nm(pul)	0	1.9474	0.6305
1.5979	91	172	210	119	210	160	0	gr	0	1.7619	1.3125
1.4000	199	172	227	28	119	28	1	ngr(s)	0	7.9999	4.2500
0.1414	108	129	193	85	129	129	0	sq(low)	0	2.2667	1.0000
0.1200	477	388	670	193	387	387	0	sq	0	3.4706	1.0000
1.7898	267	366	432	165	250	222	1	nm(pul)	0	2.6207	1.1261
1.3717	608	1270	1517	909	1517	966	0	dc	0	1.6688	1.5704
0.4384	551	904	1159	608	1040	607	1	ns(s)	0	1.9065	1.7133
0.3677	1040	1120	1205	165	164	949	0	ti(a)	13	7.3104	0.1728
2.0363	91	172	222	131	159	221	0	gr	0	1.6957	0.7195
1.1454	3347	1766	3432	85	85	3431	1	gr(s)-dws(s)	0	40.2665	0.0248
0.6827	255	345	432	177	177	432	0	am(s)	0	2.4400	0.4097
0.3818	176	108	216	40	39	215	0	gr(s)	0	5.4285	0.1814
0.1838	315	495	750	435	434	750	0	sq	0	1.7250	0.5787
1.3434	129	194	233	104	104	161	0	gr	0	2.2308	0.6460
0.5656	403	65	438	34	142	437	0	c	16	12.8332	0.3249
0.1838	97	129	182	85	129	129	0	sq(low)	0	2.1333	1.0000
0.1800	113	129	205	92	129	129	0	sq(low)	0	2.2174	1.0000
5.0059	257	215	378	121	120	193	1	gw(l)	20	3.1333	0.6218
0.2687	125	172	227	102	102	159	0	gr(s)	0	2.2222	0.6415
0.1556	358	1464	1528	1171	1170	1528	0	ahq	0	1.3058	0.7657
0.1000	273	517	557	284	516	516	0	sq	0	1.9600	1.0000
1.2020	549	581	886	337	337	886	0	ac	0	2.6290	0.3804
0.0990	443	409	670	227	227	670	0	w	0	2.9500	0.3388
0.2333	108	129	188	80	79	187	0	sq(low)	0	2.3571	0.4225
1.7818	450	495	884	434	522	883	1	am	0	2.0370	0.5912
0.0600	284	732	909	625	732	732	0	sq	0	1.4545	1.0000
1.1799	801	754	966	165	164	965	2	am	0	5.8621	0.1699
2.4040	96	323	378	281	313	337	0	gr	0	1.3429	0.9288
5.0624	744	689	1119	375	375	1119	0	am(l)	0	2.9848	0.3351
1.4565	80	237	267	188	216	222	0	m	0	1.4242	0.9730
0.7212	460	969	1324	864	863	1223	0	hc(s)	0	1.5329	0.7056
2.2298	394	345	506	113	112	344	0	ti	20	4.5000	0.3256
0.7353	341	151	369	28	130	369	2	ngr(s)-ba	0	12.9998	0.3523
1.4989	222	323	369	148	278	210	1	ngr(s)	0	2.5000	1.3238
0.3959	165	194	256	91	90	255	0	gr(s)	0	2.8125	0.3529
0.5232	960	409	1313	352	352	1312	0	ac	0	3.7258	0.2683
0.2121	619	732	1199	580	732	732	0	sq	0	2.0686	1.0000
0.1000	278	366	585	307	306	585	0	sq	0	1.9074	0.5231
3.9170	690	345	979	288	310	978	0	ti(a-l)	16	3.3962	0.3170
1.6699	398	1120	1165	767	767	921	1	hc	0	1.5185	0.8328
1.2999	91	237	295	205	295	204	0	dm	0	1.4444	1.4461
0.2970	165	108	205	40	39	204	0	gr(s)	0	5.1428	0.1912
0.1448	284	603	764	480	602	602	0	sq	0	1.5909	1.0000
0.0964	201	581	674	473	581	581	0	sq	0	1.4255	1.0000
0.1300	137	151	225	88	150	150	0	sq(low)	0	2.5455	1.0000
0.5798	233	237	301	68	68	205	1	ngr(s)	0	4.4167	0.3317
1.0181	3102	1852	3171	68	68	710	3	gr(s)-dws(s)	0	46.5002	0.0958
0.6746	288	86	339	51	175	339	1	am(s)	0	6.5999	0.5162
1.9998	1563	172	1682	119	176	341	1	gr(s)-dws	0	14.0953	0.5161
0.3400	514	280	675	161	160	675	0	w	0	4.2000	0.2370
0.0990	131	301	381	250	301	301	0	sq	0	1.5227	1.0000
0.0600	330	818	892	563	818	818	0	sq	0	1.5859	1.0000
3.9897	782	366	1059	278	309	1059	0	ti(a-l)	10	3.8148	0.2918
0.3677	653	1550	1608	955	1528	954	1	ds(s)	0	1.6845	1.6017
0.1273	506	1098	1523	1017	1098	1098	0	hq	0	1.4972	1.0000
1.3899	716	517	739	23	114	738	0	am(pul)	0	32.5006	0.1545
1.1699	290	237	392	102	392	102	0	dm	0	3.8333	3.8431
1.8807	104	172	233	129	172	172	0	gr	0	1.8125	1.0000
0.7799	108	237	295	188	295	187	0	dm	0	1.5758	1.5775
1.1878	1688	1464	1796	108	107	705	3	gr(s)-dws(s)	0	16.6316	0.1518
0.3111	551	323	602	51	51	602	0	ba	0	11.7778	0.0847
1.1179	740	1637	2314	1574	2314	1707	1	uws	0	1.4706	1.3556
0.4400	182	172	256	74	73	255	0	agr(s)	0	3.4616	0.2863
2.4040	161	388	458	297	362	458	0	gr	0	1.5405	0.7904
0.2192	125	129	210	85	210	85	0	sq(low)	0	2.4667	2.4706
0.3818	136	129	216	80	142	215	0	gr(s)	0	2.7143	0.6605
1.3516	541	345	611	70	70	611	0	lb	0	8.7143	0.1146
0.4242	114	151	182	68	68	181	0	gr(s)	0	2.6667	0.3757
2.5171	653	65	682	28	159	681	0	lb	20	23.9996	0.2335
1.0215	545	1550	2057	1512	2056	1861	1	uws	0	1.3605	1.1048
1.5696	205	151	227	23	227	22	0	ngr(s)	0	10.0002	10.3182
0.1638	473	538	905	432	905	431	0	sq	0	2.0952	2.0998
0.5589	237	366	391	154	154	390	0	am(s)	0	2.5333	0.3949
0.2250	96	108	161	64	107	107	0	sq(low)	0	2.5000	1.0000
0.1200	133	151	217	84	150	150	0	sq(low)	0	2.5714	1.0000
0.4525	125	151	199	74	73	198	0	gr(s)	0	2.6923	0.3687
0.1131	364	409	625	261	409	409	0	sq	0	2.3913	1.0000
3.7332	318	345	483	165	210	233	1	nm(pul)	0	2.9310	0.9013
0.0707	477	646	994	517	645	645	0	sq	0	1.9231	1.0000
2.1494	170	280	381	210	267	267	1	nm(pul)	0	1.8108	1.0000
1.7393	517	366	739	222	313	738	1	mm	0	3.3333	0.4241
0.1556	277	538	631	353	353	630	0	sq	0	1.7846	0.5603
0.6081	256	258	318	63	62	136	1	ngr(s)	0	5.0909	0.4559
1.9514	261	538	688	426	460	443	3	mm	0	1.6133	1.0384
3.3297	185	495	595	410	594	409	0	dm(pul-l)	0	1.4510	1.4523
2.6868	102	172	216	114	172	172	0	gr	0	1.9000	1.0000
0.1400	455	409	716	261	409	409	0	sq	0	2.7391	1.0000
0.5400	205	129	256	51	51	159	1	agr(s)	0	5.0000	0.3208
1.2335	586	1507	2036	1450	2036	1903	1	uws	0	1.4043	1.0699
0.7636	462	65	500	38	125	500	0	ba	0	13.1429	0.2500
2.2908	148	194	250	102	102	170	0	gr	0	2.4444	0.6000
2.1070	104	172	217	113	145	145	0	gr	0	1.9286	1.0000
0.1414	557	818	1102	545	818	818	0	sq	0	2.0208	1.0000
0.1414	375	345	636	261	261	636	0	w	0	2.4348	0.4104
2.4181	102	194	227	125	176	227	0	gr	0	1.8182	0.7753
0.1911	429	668	982	553	560	981	0	sq	0	1.7763	0.5708
1.9656	227	388	432	205	313	290	2	nm(pul)	0	2.1111	1.0793
2.3757	102	172	222	119	170	176	0	gr	0	1.8571	0.9659
0.9757	625	624	716	91	131	715	0	ti(a)	6	7.8750	0.1832
0.5500	916	280	948	32	32	948	0	w	0	29.4999	0.0338
0.9637	915	1550	2180	1265	1264	2252	2	aws(s)	0	1.7236	0.5613
0.1838	108	151	216	108	215	153	0	sq(low)	0	2.0000	1.4052
3.7615	227	323	369	142	324	142	0	dm(l)	0	2.6000	2.2817
0.4101	440	65	468	27	92	467	0	ba	0	17.2001	0.1970
0.1838	875	2046	2125	1250	1727	1250	1	ns(s)	0	1.7000	1.3816
1.8383	108	366	426	318	341	352	1	m	0	1.3393	0.9688
0.2700	324	452	631	307	306	630	0	am(s)	0	2.0556	0.4857
0.1697	359	495	756	397	396	755	0	sq	0	1.9041	0.5245
0.6788	557	517	733	176	176	732	0	ti(a)	10	4.1613	0.2404
2.3898	113	301	338	225	249	273	0	gr	0	1.5000	0.9121
0.7212	468	86	511	43	179	511	1	ba	0	11.7499	0.3503
0.4808	239	151	301	63	62	170	1	ngr(s)	0	4.8182	0.3647
0.1485	97	129	182	85	129	129	0	sq(low)	0	2.1333	1.0000
0.6222	342	43	375	33	33	375	0	ba	0	11.4999	0.0880
0.2545	125	129	210	85	210	85	0	sq(low)	0	2.4667	2.4706
2.2767	369	1141	1392	1023	1022	1301	4	ac	0	1.3611	0.7855
0.1638	555	624	972	417	416	971	0	sq	0	2.3333	0.4284
0.1909	102	129	188	85	187	108	0	sq(low)	0	2.2000	1.7315
1.0323	102	237	295	193	295	193	0	dm	0	1.5294	1.5285
1.2585	597	431	642	45	45	494	1	am	0	14.1250	0.0911
0.1697	295	538	659	364	363	659	0	sq	0	1.8125	0.5508
2.5454	102	172	222	119	182	176	0	gr	0	1.8571	1.0341
1.5131	767	560	818	51	559	559	0	ti	13	16.0000	1.0000
0.0990	313	538	659	347	538	538	0	sq	0	1.9016	1.0000
0.8767	2193	1938	2318	125	125	716	1	gr(s)-dws(s)	0	18.5455	0.1746
0.4384	273	237	318	45	45	159	1	ngr(s)	0	7.0000	0.2830
1.5131	91	194	233	142	232	153	0	gr	0	1.6400	1.5163
0.3900	619	409	659	40	40	658	0	w	0	16.3998	0.0608
0.1400	409	388	659	250	387	387	0	sq	0	2.6364	1.0000
0.0848	222	926	1063	841	840	1062	0	hq	0	1.2635	0.7910
0.1414	875	129	938	63	62	937	0	sq	0	15.0000	0.0662
0.2000	125	129	210	85	129	129	0	sq(low)	0	2.4667	1.0000
0.5656	761	711	818	57	710	710	0	ti(s)	16	14.4000	1.0000
0.1626	102	129	199	97	198	119	0	sq(low)	0	2.0588	1.6639
0.1697	272	495	625	353	353	625	0	sq	0	1.7692	0.5648
2.1777	102	172	227	125	172	172	0	gr	0	1.8182	1.0000
1.6262	227	86	273	45	86	86	0	gw	0	6.0000	1.0000
0.6690	376	624	836	461	460	624	0	ac	0	1.8154	0.7372
0.1909	91	129	176	85	129	129	0	sq(low)	0	2.0667	1.0000
2.0363	97	258	290	193	239	210	0	gr	0	1.5000	1.1381
0.0900	341	345	653	313	344	344	0	sq	0	2.0909	1.0000
0.4101	313	237	335	23	22	335	0	agr(s)	0	14.7503	0.0657
2.0787	318	237	375	57	233	56	1	m	0	6.6000	4.1607
0.4949	290	129	352	63	62	216	1	ngr(s)	0	5.6364	0.2870
0.1550	129	129	197	68	129	129	0	sq(low)	0	2.8823	1.0000
1.5696	375	431	693	318	426	693	3	modhc	0	2.1786	0.6147
0.0919	386	366	585	199	366	366	0	sq	0	2.9429	1.0000
0.1550	125	129	209	84	129	129	0	sq(low)	0	2.4762	1.0000
1.2444	113	86	145	32	72	33	1	ngr(s)	0	4.5000	2.1818
0.1273	653	108	716	63	107	107	0	sq	0	11.4546	1.0000
1.7818	80	172	217	137	153	216	0	gr	0	1.5882	0.7083
0.3959	165	108	210	45	45	210	0	gr(s)	0	4.6250	0.2143
0.6499	289	280	418	129	128	225	1	nm(s)	0	3.2500	0.5689
1.6262	104	194	241	137	169	193	0	gr	0	1.7647	0.8756
1.4565	574	151	597	23	22	40	2	gr(s)-ba	0	26.2505	0.5500
0.4525	337	345	408	71	70	407	0	am(s)	0	5.7692	0.1720
1.5199	693	474	739	45	108	738	0	am(pul)	0	16.2500	0.1463
2.1070	313	280	375	63	261	62	1	dm	0	6.0000	4.2097
0.5656	261	129	313	51	51	192	1	ngr(s)	0	6.1111	0.2656
0.6168	267	65	319	51	113	318	0	ba	0	6.1999	0.3553
0.7424	131	129	182	51	51	148	0	gr(s)	0	3.5555	0.3446
0.1400	129	129	197	68	129	129	0	sq(low)	0	2.8823	1.0000
3.9595	108	129	182	74	73	108	0	gw(l)	0	2.4615	0.6759
0.6746	288	194	381	93	92	380	0	am(s)	0	4.1111	0.2421
0.2048	360	409	740	381	740	525	1	sq	0	1.9459	1.4095
0.5232	324	237	347	23	22	165	1	ngr(s)	0	15.2503	0.1333
0.7495	375	388	440	65	65	370	1	am(s)	0	6.7500	0.1757
1.9656	108	258	301	193	239	193	0	gr	0	1.5588	1.2383
1.6828	250	86	273	23	86	86	0	gw	0	12.0002	1.0000
1.4141	528	431	608	80	79	335	1	nm	0	7.6428	0.2358
0.1697	353	560	750	397	396	750	0	sq	0	1.8904	0.5280
0.3394	136	108	188	51	51	187	0	gr(s)	0	3.6667	0.2727
0.2263	148	194	261	114	113	261	0	gr(s)	0	2.3000	0.4330
0.1273	420	1206	1585	1165	1164	1585	0	ahq	0	1.3610	0.7344
3.9597	108	151	205	97	200	131	0	gw(l)	0	2.1176	1.5267
1.3010	91	108	142	51	63	85	1	ngr(s)	0	2.7778	0.7412
0.1200	369	323	631	261	355	630	0	w	0	2.4130	0.5635
2.2908	97	172	239	142	238	193	0	gr	0	1.6800	1.2332
3.9312	119	129	165	45	91	119	0	gw(l)	0	3.6250	0.7647
2.4040	517	345	699	182	244	698	2	nm(pul)	0	3.8438	0.3496
1.3199	517	538	665	148	147	585	1	ti(a)	6	4.5000	0.2513
1.2599	716	646	767	51	51	313	1	am	0	15.0000	0.1629
2.3333	97	194	233	136	170	232	0	gr	0	1.7083	0.7328
0.4101	284	215	318	34	34	153	1	ngr(s)	0	9.3332	0.2222
1.3434	97	172	222	125	172	172	0	gr	0	1.7727	1.0000
1.8242	222	366	449	227	295	324	1	mm(pul)	0	1.9750	0.9105
0.1200	137	129	217	80	129	129	0	sq(low)	0	2.7000	1.0000
1.0606	170	172	244	74	73	148	1	agr	0	3.3077	0.4932
0.1300	117	129	181	64	129	129	0	sq(low)	0	2.8125	1.0000
3.9595	153	345	443	290	352	289	0	lm	0	1.5294	1.2180
0.1414	119	172	210	91	172	172	0	sq	0	2.3125	1.0000
0.0990	250	581	712	462	712	462	0	sq	0	1.5412	1.5411
0.1414	506	560	966	460	559	559	0	sq	0	2.0988	1.0000
1.2444	176	172	199	23	125	22	1	ngr(s)	0	8.7502	5.6818
0.3818	142	194	256	114	113	193	0	gr(s)	0	2.2500	0.5855
0.2121	369	388	608	239	341	607	1	sq	0	2.5476	0.5618
0.1697	185	409	527	342	342	527	0	sq	0	1.5397	0.6490
2.2398	108	258	307	199	267	200	0	gr	0	1.5429	1.3350
2.7058	216	431	563	347	443	418	8	mm(l)	0	1.6229	1.0598
0.1250	136	129	216	80	129	129	0	sq(low)	0	2.7143	1.0000
0.5782	391	323	463	72	71	319	1	am(s)	0	6.4285	0.2226
1.3799	761	474	801	40	80	801	0	am(pul)	0	20.1427	0.0999
0.5656	580	388	795	216	261	795	0	w	0	3.6842	0.3283
0.2970	295	323	580	284	284	579	0	sq	0	2.0400	0.4905
0.4101	348	237	397	49	50	396	0	am(s)	0	8.1111	0.1263
0.1414	131	129	205	74	129	129	0	sq	0	2.7692	1.0000
0.6999	557	323	847	290	289	846	0	ac	0	2.9216	0.3416
0.2100	261	409	580	318	318	579	0	sq	0	1.8214	0.5492
1.7111	440	581	810	370	369	821	0	ac	0	2.1912	0.4495
0.0600	375	775	898	523	775	775	0	sq	0	1.7174	1.0000
0.3535	370	237	424	54	54	424	0	am(s)	0	7.8001	0.1274
1.2528	514	1852	2324	1810	2324	2180	1	uws	0	1.2841	1.0661
0.1414	165	151	250	85	150	150	0	sq	0	2.9333	1.0000
0.0900	295	366	591	295	295	590	0	sq	0	2.0000	0.5000
0.6363	571	65	614	43	125	614	0	ba	0	14.1249	0.2036
0.3677	108	194	250	142	142	188	0	gr(s)	0	1.7600	0.7553
0.7636	2517	754	2591	74	73	136	1	gr(s)-dws(s)	0	35.0771	0.5368
1.0747	91	237	290	199	216	227	0	m	0	1.4571	0.9515
1.6969	244	624	659	415	523	506	1	nm(pul)	0	1.5890	1.0336
0.7212	767	301	815	49	98	815	0	ba	0	16.6667	0.1202
1.6403	108	151	216	108	165	142	0	gr	0	2.0000	1.1620
0.5600	449	65	511	63	62	511	0	c	7	8.1818	0.1213
2.2201	91	237	290	199	289	198	0	gr	0	1.4571	1.4596
1.2444	233	323	375	142	313	142	1	dm	0	2.6400	2.2042
0.1697	273	1744	1943	1671	1727	1943	0	hq	0	1.1633	0.8888
0.7070	391	86	429	38	82	429	0	ba	0	11.2857	0.1911
1.4899	739	474	767	28	85	767	0	am(pul)	0	26.9996	0.1108
0.6299	771	280	836	64	64	835	0	w	0	12.9999	0.0766
1.3010	182	172	205	23	142	22	1	ngr(s)	0	9.0002	6.4545
4.0597	114	129	216	102	210	136	0	gw(l)	0	2.1111	1.5441
0.2687	318	388	608	290	289	607	0	sq	0	2.0980	0.4761
0.9192	176	172	210	34	34	57	1	ngr(s)	0	6.1666	0.5965
0.0600	290	668	795	506	667	667	0	sq	0	1.5730	1.0000
0.1556	108	129	199	91	198	113	0	sq(low)	0	2.1875	1.7522
0.1700	318	409	568	250	250	568	0	sq	0	2.2727	0.4401
1.4599	458	581	763	305	305	611	1	ac	0	2.5000	0.4992
1.5131	205	345	443	239	238	443	0	am(pul)	0	1.8571	0.5372
2.4534	114	237	273	159	227	193	0	gr	0	1.7143	1.1762
0.3111	176	194	250	74	73	250	0	gr(s)	0	3.3846	0.2920
0.1697	321	818	1038	718	717	1038	0	sq	0	1.4470	0.6908
1.5838	176	345	409	233	232	341	1	nm(pul)	0	1.7561	0.6804
2.3050	347	603	688	341	540	455	1	nm(pul)	0	2.0167	1.1868
1.0399	597	603	716	119	119	438	1	am	0	6.0000	0.2717
0.1200	318	345	608	290	347	607	0	w	0	2.0980	0.5717
0.1650	129	129	217	88	129	129	0	sq(low)	0	2.4545	1.0000
1.6686	347	1227	1443	1097	1216	1443	1	uws	0	1.3161	0.8427
1.0199	614	646	722	108	107	409	1	am	0	6.6842	0.2616
1.1454	489	65	533	43	76	532	0	lb	0	12.2499	0.1429
0.1349	237	711	843	607	843	606	0	sq	0	1.3898	1.3911
0.8060	608	646	727	119	119	727	0	ti(a)	10	6.0953	0.1637
0.2192	119	129	210	91	210	90	0	sq(low)	0	2.3125	2.3333
1.4282	352	1400	1421	1068	1420	1068	0	dc	0	1.3298	1.3296
4.0443	239	366	375	136	136	261	1	am(l)	0	2.7500	0.5211
0.1838	511	1572	2017	1506	2017	1505	0	dhq	0	1.3396	1.3402
1.0599	261	172	307	45	45	306	0	ba	0	6.7500	0.1471
1.5272	483	474	648	165	164	330	1	nm	0	3.9310	0.4970
1.0606	642	495	739	97	96	727	0	ti(a)	6	7.6470	0.1320
0.6505	353	345	419	65	65	381	0	am(s)	0	6.4167	0.1706
1.6499	705	474	750	45	97	750	0	am(pul)	0	16.4999	0.1293
0.9499	563	172	587	24	24	586	0	ba	0	24.3335	0.0410
0.5374	370	258	419	49	48	337	0	am(s)	0	8.5556	0.1424
0.1697	114	129	199	85	198	198	0	sq(low)	0	2.3333	1.0000
0.1131	483	452	756	273	272	755	0	w	0	2.7708	0.3603
0.4384	318	129	347	28	28	136	1	ngr(s)	0	12.1998	0.2059
0.1500	472	452	710	239	238	710	0	sq	0	2.9762	0.3352
0.4384	182	215	256	74	73	188	0	gr(s)	0	3.4616	0.3883
4.6643	524	345	815	291	291	815	0	ti(a-l)	23	2.8000	0.3571
0.1273	278	366	580	301	391	579	0	sq	0	1.9245	0.6753
0.1697	773	108	818	45	107	107	0	sq	0	18.0000	1.0000
0.1400	133	129	221	88	129	129	0	sq(low)	0	2.5000	1.0000
2.8565	108	194	250	142	142	250	0	gr	0	1.7600	0.5680
0.1450	131	129	216	85	129	129	0	sq(low)	0	2.5333	1.0000
0.2828	176	172	295	119	159	295	0	gr(s)	0	2.4762	0.5390
0.3677	415	301	619	205	204	619	2	w	0	3.0278	0.3296
2.1070	239	86	267	28	86	86	0	gw(low)	0	9.3998	1.0000
2.0363	165	366	415	250	414	250	0	dm	0	1.6591	1.6560
2.6161	244	345	443	199	284	284	1	nm(pul)	0	2.2286	1.0000
0.8599	506	86	538	32	72	538	0	ba	10	16.7499	0.1338
0.6788	391	65	419	27	98	27	0	ba	0	15.4001	3.6296
0.2100	431	624	911	481	573	911	0	sq	0	1.8960	0.6290
0.8288	751	1572	2252	1502	1501	2252	2	aws(s)	0	1.5000	0.6665
0.2828	455	323	659	205	204	659	0	ba	0	3.2222	0.3096
0.1400	432	366	750	318	358	750	0	w	0	2.3571	0.4773
2.0080	284	603	648	364	415	460	1	nm(pul)	0	1.7812	0.9022
1.7252	125	172	233	108	153	148	0	gr	0	2.1579	1.0338
3.1110	97	237	295	199	198	227	0	gr	0	1.4857	0.8722
0.1300	125	129	209	84	129	129	0	sq(low)	0	2.4762	1.0000
2.5998	97	237	290	193	289	227	0	gr	0	1.5000	1.2731
0.4949	222	215	261	40	39	205	0	agr(s)	0	6.5714	0.1902
1.4899	145	237	329	185	184	329	0	m	0	1.7826	0.5593
1.4282	119	172	227	108	227	170	0	gr	0	2.1053	1.3353
1.2020	250	323	381	131	313	130	0	dm	0	2.9131	2.4077
0.1556	818	452	1080	261	261	1079	0	w	0	4.1304	0.2419
2.0080	273	280	483	210	290	392	0	am(pul)	0	2.2973	0.7398
1.3010	278	646	705	426	449	426	1	nm(pul)	0	1.6533	1.0540
0.1414	277	474	625	348	347	625	0	sq	0	1.7969	0.5552
0.6222	342	345	446	103	103	445	0	am(s)	0	4.3158	0.2315
0.1800	125	129	216	91	129	129	0	sq(low)	0	2.3750	1.0000
3.6597	136	151	188	51	51	187	0	gw(l)	16	3.6667	0.2727
3.6697	313	323	494	182	364	181	3	mm(l)	0	2.7188	2.0110
1.8807	227	581	648	420	420	420	3	mm	0	1.5405	1.0000
0.6553	267	323	381	113	113	380	0	am(s)	0	3.3636	0.2974
0.1485	102	129	199	97	198	125	0	sq(low)	0	2.0588	1.5840
2.3333	102	172	210	108	125	170	0	gr	0	1.9474	0.7353
1.9998	91	237	273	182	216	216	0	gr	0	1.5000	1.0000
1.9373	114	237	301	188	205	220	0	gr	0	1.6061	0.9318
2.5312	114	172	227	114	172	172	0	gr	0	2.0000	1.0000
0.1697	347	366	642	295	295	642	0	sq	0	2.1731	0.4595
2.0929	278	301	494	216	301	318	0	am(pul)	0	2.2895	0.9465
1.9514	136	258	315	179	250	180	0	gr	0	1.7576	1.3889
0.5204	319	1830	2067	1748	2067	1913	1	dws(s)	0	1.1824	1.0805
0.1697	949	1830	2307	1358	2306	1358	0	dhq	0	1.6987	1.6981
0.6553	278	323	370	93	92	370	0	am(s)	0	4.0000	0.2486
0.2263	337	388	620	283	282	619	0	sq	0	2.1923	0.4556
1.1399	193	323	358	165	307	164	0	dm	0	2.1724	1.8720
0.4384	125	151	193	68	68	193	0	gr(s)	0	2.8334	0.3523
0.1735	967	689	1460	494	689	689	0	sq	0	2.9583	1.0000
0.0800	341	538	733	392	538	538	0	sq	0	1.8696	1.0000
0.5700	227	194	301	74	73	301	0	agr	0	4.0769	0.2425
0.1000	392	452	693	301	301	693	0	sq	0	2.3019	0.4343
0.1638	378	581	807	429	581	581	0	sq	0	1.8814	1.0000
0.1100	352	409	682	330	392	681	0	sq	0	2.0690	0.5756
2.1070	267	345	460	193	261	460	1	mm(pul)	0	2.3824	0.5674
2.2343	114	258	324	210	210	323	0	gr	0	1.5405	0.6502
3.0827	148	194	273	125	272	182	0	gr	0	2.1818	1.4945
2.8565	119	258	318	199	239	318	0	gr	0	1.6000	0.7516
3.7191	261	366	415	153	273	153	1	dm(l)	0	2.7037	1.7843
0.1768	108	129	199	91	198	108	0	sq(low)	0	2.1875	1.8333
0.9199	603	151	635	32	32	634	0	ba	0	19.7499	0.0505
2.8847	85	237	267	182	205	199	0	gr	0	1.4688	1.0302
1.5199	489	86	528	40	290	74	0	p	10	13.2856	3.9189
0.1650	117	129	205	88	129	129	0	sq(low)	0	2.3182	1.0000
2.0646	148	237	324	176	222	176	1	gr	0	1.8387	1.2614
0.7919	153	129	193	40	39	97	1	agr	0	4.8571	0.4021
0.1131	494	474	801	307	473	473	0	sq	0	2.6111	1.0000
0.1400	137	151	225	88	150	150	0	sq(low)	0	2.5455	1.0000
0.1414	136	129	188	51	129	129	0	sq	0	3.6667	1.0000
1.2399	119	215	295	176	295	176	0	dm	0	1.6774	1.6761
3.1797	108	237	290	182	289	227	0	gr	0	1.5938	1.2731
0.1485	97	129	170	74	129	129	0	sq(low)	0	2.3077	1.0000
0.5871	391	65	411	21	98	411	1	ba	0	20.0000	0.2384
2.5454	227	237	381	153	307	153	0	dm(l)	0	2.4815	2.0065
1.1454	129	151	209	80	80	104	1	nm	0	2.6000	0.7692
1.9373	119	237	313	193	222	310	0	gr	0	1.6176	0.7161
0.4808	165	194	250	85	85	250	0	gr(s)	0	2.9333	0.3400
0.6999	557	258	784	227	261	784	0	w	0	3.4500	0.3329
2.2343	185	258	381	196	223	195	3	mgr	0	1.9444	1.1436
0.1131	131	129	205	74	129	129	0	sq	0	2.7692	1.0000
2.9413	182	409	483	301	301	398	1	m(pul)	0	1.6038	0.7563
1.4141	165	151	199	34	148	34	1	ngr(s)	0	5.8333	4.3529
0.1414	307	366	597	290	289	596	0	sq	0	2.0588	0.4849
2.0080	267	323	489	222	221	432	0	am(pul)	0	2.2051	0.5116
1.6828	102	172	216	114	131	215	0	gr	0	1.9000	0.6093
0.7799	442	86	466	24	88	466	0	ba	16	19.3334	0.1888
0.8299	233	151	290	57	56	289	0	agr	0	5.1000	0.1938
0.1273	148	129	222	74	129	129	0	sq	0	3.0000	1.0000
2.4605	205	194	341	136	290	136	0	dm(l)	0	2.5000	2.1324
0.1229	288	474	699	411	699	411	0	sq	0	1.7000	1.7007
0.1273	551	1184	1676	1125	1125	1676	0	ahq	0	1.4899	0.6712
3.6201	244	366	386	142	193	250	1	am(l)	0	2.7200	0.7720
2.3333	102	194	239	136	238	238	0	gr	0	1.7500	1.0000
0.6363	321	345	413	92	92	413	0	am(s)	0	4.4706	0.2228
0.3394	335	345	557	222	221	556	0	w	0	2.5128	0.3975
0.6363	545	452	676	131	130	352	1	nm(s)	0	5.1739	0.3693
0.7131	319	366	401	82	82	401	0	am(s)	0	4.8750	0.2045
2.6726	153	517	595	442	441	490	0	m(pul)	0	1.3455	0.9000
1.8454	114	108	182	68	91	181	0	gw	10	2.6667	0.5028
1.8807	307	345	392	85	295	85	1	dm	0	4.6000	3.4706
0.1200	335	409	659	324	409	659	1	sq	0	2.0351	0.6206
0.1414	574	86	614	40	86	86	0	sq	0	15.4285	1.0000
0.8199	201	323	466	265	466	265	0	m(s)	0	1.7576	1.7585
0.2404	335	409	591	256	255	590	0	sq	0	2.3111	0.4322
0.3252	153	151	239	85	176	238	0	gr(s)	0	2.8000	0.7395
2.3398	74	237	267	193	222	210	0	gr	0	1.3824	1.0571
3.7197	177	323	434	257	433	257	0	lm(pul)	0	1.6875	1.6848
0.1735	442	711	956	514	710	710	0	sq	0	1.8600	1.0000
0.1414	869	388	938	68	387	387	0	sq	0	13.7501	1.0000
1.4699	111	194	254	142	219	253	1	gr	0	1.7838	0.8656
3.0120	136	172	261	125	182	261	0	gr	0	2.0909	0.6973
2.4181	91	215	273	182	210	272	0	gr	0	1.5000	0.7721
0.8767	148	258	352	205	352	204	0	dm	0	1.7222	1.7255
1.3858	165	151	210	45	45	91	1	nm	0	4.6250	0.4945
2.4464	114	215	290	176	233	250	0	gr	0	1.6452	0.9320
2.4298	114	215	295	182	295	181	0	gr	0	1.6250	1.6298
0.6099	193	301	347	153	153	233	1	m(s)	0	2.2593	0.6567
1.6969	290	366	506	216	273	505	0	mm(pul)	0	2.3421	0.5406
1.6686	142	194	273	131	165	272	0	gr	0	2.0870	0.6066
2.7433	85	237	273	188	272	216	0	gr	0	1.4545	1.2593
3.3373	249	538	651	402	458	450	3	mm(l)	0	1.6200	1.0178
0.1697	665	86	710	45	86	86	0	sq	0	15.6250	1.0000
0.7799	398	323	625	227	284	625	2	w	0	2.7500	0.4544
0.1735	319	538	782	463	566	538	0	sq	0	1.6889	1.0520
1.0040	318	1249	1301	983	1301	983	0	dc	0	1.3237	1.3235
2.7151	114	258	301	188	250	222	0	gr	0	1.6061	1.1261
0.2970	358	323	631	273	272	630	0	w	0	2.3125	0.4317
0.2000	369	345	636	267	267	636	0	w	0	2.3830	0.4198
2.3757	185	474	554	370	369	498	1	nm(pul)	0	1.5000	0.7410
2.7575	205	172	318	114	113	318	0	gr	0	2.8000	0.3553
0.0990	602	452	801	199	452	452	0	sq	0	4.0286	1.0000
3.1497	119	215	273	153	153	272	0	gr	0	1.7778	0.5625
2.6302	131	258	301	170	233	170	0	gr	0	1.7667	1.3706
1.2099	193	301	392	199	313	198	1	dm	0	1.9714	1.5808
1.4799	170	237	352	182	352	181	0	dm	0	1.9375	1.9448
3.0827	170	366	494	324	375	494	0	m	0	1.5263	0.7591
